  SFIT4:V.9.4.3.5:Pre-Release -- June 23 2014 /dev_Jim RUNTIME:20140624-11:13:50 FULL INITIAL STATE VECTOR COVARIANCE N X N MATRIX
          59          59
               BckGrdSlp_1                 SWNumShft                 ZeroLev_1                 SolLnShft            DWNumShft_O13C            DWNumShft_CO18             DWNumShft_HDO             DWNumShft_H2O            DWNumShft_H218                 SPhsErr_1                       CO2                       CO2                       CO2                       CO2                       CO2                       CO2                       CO2                       CO2                       CO2                       CO2                       CO2                       CO2                       CO2                       CO2                       CO2                       CO2                       CO2                       CO2                       CO2                       CO2                       CO2                       CO2                       CO2                       CO2                       CO2                       CO2                       CO2                       CO2                       CO2                       CO2                       CO2                       CO2                       CO2                       CO2                       CO2                       CO2                       CO2                       CO2                       CO2                       CO2                       CO2                       CO2                       CO2                       CO2                     O13CO                     CO18O                       HDO                       H2O                     H218O
  1.000000000000000194E-02  0.000000000000000000E+00  0.000000000000000000E+00  0.000000000000000000E+00  0.000000000000000000E+00  0.000000000000000000E+00  0.000000000000000000E+00  0.000000000000000000E+00  0.000000000000000000E+00  0.000000000000000000E+00  0.000000000000000000E+00  0.000000000000000000E+00  0.000000000000000000E+00  0.000000000000000000E+00  0.000000000000000000E+00  0.000000000000000000E+00  0.000000000000000000E+00  0.000000000000000000E+00  0.000000000000000000E+00  0.000000000000000000E+00  0.000000000000000000E+00  0.000000000000000000E+00  0.000000000000000000E+00  0.000000000000000000E+00  0.000000000000000000E+00  0.000000000000000000E+00  0.000000000000000000E+00  0.000000000000000000E+00  0.000000000000000000E+00  0.000000000000000000E+00  0.000000000000000000E+00  0.000000000000000000E+00  0.000000000000000000E+00  0.000000000000000000E+00  0.000000000000000000E+00  0.000000000000000000E+00  0.000000000000000000E+00  0.000000000000000000E+00  0.000000000000000000E+00  0.000000000000000000E+00  0.000000000000000000E+00  0.000000000000000000E+00  0.000000000000000000E+00  0.000000000000000000E+00  0.000000000000000000E+00  0.000000000000000000E+00  0.000000000000000000E+00  0.000000000000000000E+00  0.000000000000000000E+00  0.000000000000000000E+00  0.000000000000000000E+00  0.000000000000000000E+00  0.000000000000000000E+00  0.000000000000000000E+00  0.000000000000000000E+00  0.000000000000000000E+00  0.000000000000000000E+00  0.000000000000000000E+00  0.000000000000000000E+00
  0.000000000000000000E+00  1.000000000000000048E-04  0.000000000000000000E+00  0.000000000000000000E+00  0.000000000000000000E+00  0.000000000000000000E+00  0.000000000000000000E+00  0.000000000000000000E+00  0.000000000000000000E+00  0.000000000000000000E+00  0.000000000000000000E+00  0.000000000000000000E+00  0.000000000000000000E+00  0.000000000000000000E+00  0.000000000000000000E+00  0.000000000000000000E+00  0.000000000000000000E+00  0.000000000000000000E+00  0.000000000000000000E+00  0.000000000000000000E+00  0.000000000000000000E+00  0.000000000000000000E+00  0.000000000000000000E+00  0.000000000000000000E+00  0.000000000000000000E+00  0.000000000000000000E+00  0.000000000000000000E+00  0.000000000000000000E+00  0.000000000000000000E+00  0.000000000000000000E+00  0.000000000000000000E+00  0.000000000000000000E+00  0.000000000000000000E+00  0.000000000000000000E+00  0.000000000000000000E+00  0.000000000000000000E+00  0.000000000000000000E+00  0.000000000000000000E+00  0.000000000000000000E+00  0.000000000000000000E+00  0.000000000000000000E+00  0.000000000000000000E+00  0.000000000000000000E+00  0.000000000000000000E+00  0.000000000000000000E+00  0.000000000000000000E+00  0.000000000000000000E+00  0.000000000000000000E+00  0.000000000000000000E+00  0.000000000000000000E+00  0.000000000000000000E+00  0.000000000000000000E+00  0.000000000000000000E+00  0.000000000000000000E+00  0.000000000000000000E+00  0.000000000000000000E+00  0.000000000000000000E+00  0.000000000000000000E+00  0.000000000000000000E+00
  0.000000000000000000E+00  0.000000000000000000E+00  1.000000000000000048E-04  0.000000000000000000E+00  0.000000000000000000E+00  0.000000000000000000E+00  0.000000000000000000E+00  0.000000000000000000E+00  0.000000000000000000E+00  0.000000000000000000E+00  0.000000000000000000E+00  0.000000000000000000E+00  0.000000000000000000E+00  0.000000000000000000E+00  0.000000000000000000E+00  0.000000000000000000E+00  0.000000000000000000E+00  0.000000000000000000E+00  0.000000000000000000E+00  0.000000000000000000E+00  0.000000000000000000E+00  0.000000000000000000E+00  0.000000000000000000E+00  0.000000000000000000E+00  0.000000000000000000E+00  0.000000000000000000E+00  0.000000000000000000E+00  0.000000000000000000E+00  0.000000000000000000E+00  0.000000000000000000E+00  0.000000000000000000E+00  0.000000000000000000E+00  0.000000000000000000E+00  0.000000000000000000E+00  0.000000000000000000E+00  0.000000000000000000E+00  0.000000000000000000E+00  0.000000000000000000E+00  0.000000000000000000E+00  0.000000000000000000E+00  0.000000000000000000E+00  0.000000000000000000E+00  0.000000000000000000E+00  0.000000000000000000E+00  0.000000000000000000E+00  0.000000000000000000E+00  0.000000000000000000E+00  0.000000000000000000E+00  0.000000000000000000E+00  0.000000000000000000E+00  0.000000000000000000E+00  0.000000000000000000E+00  0.000000000000000000E+00  0.000000000000000000E+00  0.000000000000000000E+00  0.000000000000000000E+00  0.000000000000000000E+00  0.000000000000000000E+00  0.000000000000000000E+00
  0.000000000000000000E+00  0.000000000000000000E+00  0.000000000000000000E+00  1.000000000000000194E-02  0.000000000000000000E+00  0.000000000000000000E+00  0.000000000000000000E+00  0.000000000000000000E+00  0.000000000000000000E+00  0.000000000000000000E+00  0.000000000000000000E+00  0.000000000000000000E+00  0.000000000000000000E+00  0.000000000000000000E+00  0.000000000000000000E+00  0.000000000000000000E+00  0.000000000000000000E+00  0.000000000000000000E+00  0.000000000000000000E+00  0.000000000000000000E+00  0.000000000000000000E+00  0.000000000000000000E+00  0.000000000000000000E+00  0.000000000000000000E+00  0.000000000000000000E+00  0.000000000000000000E+00  0.000000000000000000E+00  0.000000000000000000E+00  0.000000000000000000E+00  0.000000000000000000E+00  0.000000000000000000E+00  0.000000000000000000E+00  0.000000000000000000E+00  0.000000000000000000E+00  0.000000000000000000E+00  0.000000000000000000E+00  0.000000000000000000E+00  0.000000000000000000E+00  0.000000000000000000E+00  0.000000000000000000E+00  0.000000000000000000E+00  0.000000000000000000E+00  0.000000000000000000E+00  0.000000000000000000E+00  0.000000000000000000E+00  0.000000000000000000E+00  0.000000000000000000E+00  0.000000000000000000E+00  0.000000000000000000E+00  0.000000000000000000E+00  0.000000000000000000E+00  0.000000000000000000E+00  0.000000000000000000E+00  0.000000000000000000E+00  0.000000000000000000E+00  0.000000000000000000E+00  0.000000000000000000E+00  0.000000000000000000E+00  0.000000000000000000E+00
  0.000000000000000000E+00  0.000000000000000000E+00  0.000000000000000000E+00  0.000000000000000000E+00  1.000000000000000048E-04  0.000000000000000000E+00  0.000000000000000000E+00  0.000000000000000000E+00  0.000000000000000000E+00  0.000000000000000000E+00  0.000000000000000000E+00  0.000000000000000000E+00  0.000000000000000000E+00  0.000000000000000000E+00  0.000000000000000000E+00  0.000000000000000000E+00  0.000000000000000000E+00  0.000000000000000000E+00  0.000000000000000000E+00  0.000000000000000000E+00  0.000000000000000000E+00  0.000000000000000000E+00  0.000000000000000000E+00  0.000000000000000000E+00  0.000000000000000000E+00  0.000000000000000000E+00  0.000000000000000000E+00  0.000000000000000000E+00  0.000000000000000000E+00  0.000000000000000000E+00  0.000000000000000000E+00  0.000000000000000000E+00  0.000000000000000000E+00  0.000000000000000000E+00  0.000000000000000000E+00  0.000000000000000000E+00  0.000000000000000000E+00  0.000000000000000000E+00  0.000000000000000000E+00  0.000000000000000000E+00  0.000000000000000000E+00  0.000000000000000000E+00  0.000000000000000000E+00  0.000000000000000000E+00  0.000000000000000000E+00  0.000000000000000000E+00  0.000000000000000000E+00  0.000000000000000000E+00  0.000000000000000000E+00  0.000000000000000000E+00  0.000000000000000000E+00  0.000000000000000000E+00  0.000000000000000000E+00  0.000000000000000000E+00  0.000000000000000000E+00  0.000000000000000000E+00  0.000000000000000000E+00  0.000000000000000000E+00  0.000000000000000000E+00
  0.000000000000000000E+00  0.000000000000000000E+00  0.000000000000000000E+00  0.000000000000000000E+00  0.000000000000000000E+00  1.000000000000000048E-04  0.000000000000000000E+00  0.000000000000000000E+00  0.000000000000000000E+00  0.000000000000000000E+00  0.000000000000000000E+00  0.000000000000000000E+00  0.000000000000000000E+00  0.000000000000000000E+00  0.000000000000000000E+00  0.000000000000000000E+00  0.000000000000000000E+00  0.000000000000000000E+00  0.000000000000000000E+00  0.000000000000000000E+00  0.000000000000000000E+00  0.000000000000000000E+00  0.000000000000000000E+00  0.000000000000000000E+00  0.000000000000000000E+00  0.000000000000000000E+00  0.000000000000000000E+00  0.000000000000000000E+00  0.000000000000000000E+00  0.000000000000000000E+00  0.000000000000000000E+00  0.000000000000000000E+00  0.000000000000000000E+00  0.000000000000000000E+00  0.000000000000000000E+00  0.000000000000000000E+00  0.000000000000000000E+00  0.000000000000000000E+00  0.000000000000000000E+00  0.000000000000000000E+00  0.000000000000000000E+00  0.000000000000000000E+00  0.000000000000000000E+00  0.000000000000000000E+00  0.000000000000000000E+00  0.000000000000000000E+00  0.000000000000000000E+00  0.000000000000000000E+00  0.000000000000000000E+00  0.000000000000000000E+00  0.000000000000000000E+00  0.000000000000000000E+00  0.000000000000000000E+00  0.000000000000000000E+00  0.000000000000000000E+00  0.000000000000000000E+00  0.000000000000000000E+00  0.000000000000000000E+00  0.000000000000000000E+00
  0.000000000000000000E+00  0.000000000000000000E+00  0.000000000000000000E+00  0.000000000000000000E+00  0.000000000000000000E+00  0.000000000000000000E+00  1.000000000000000048E-04  0.000000000000000000E+00  0.000000000000000000E+00  0.000000000000000000E+00  0.000000000000000000E+00  0.000000000000000000E+00  0.000000000000000000E+00  0.000000000000000000E+00  0.000000000000000000E+00  0.000000000000000000E+00  0.000000000000000000E+00  0.000000000000000000E+00  0.000000000000000000E+00  0.000000000000000000E+00  0.000000000000000000E+00  0.000000000000000000E+00  0.000000000000000000E+00  0.000000000000000000E+00  0.000000000000000000E+00  0.000000000000000000E+00  0.000000000000000000E+00  0.000000000000000000E+00  0.000000000000000000E+00  0.000000000000000000E+00  0.000000000000000000E+00  0.000000000000000000E+00  0.000000000000000000E+00  0.000000000000000000E+00  0.000000000000000000E+00  0.000000000000000000E+00  0.000000000000000000E+00  0.000000000000000000E+00  0.000000000000000000E+00  0.000000000000000000E+00  0.000000000000000000E+00  0.000000000000000000E+00  0.000000000000000000E+00  0.000000000000000000E+00  0.000000000000000000E+00  0.000000000000000000E+00  0.000000000000000000E+00  0.000000000000000000E+00  0.000000000000000000E+00  0.000000000000000000E+00  0.000000000000000000E+00  0.000000000000000000E+00  0.000000000000000000E+00  0.000000000000000000E+00  0.000000000000000000E+00  0.000000000000000000E+00  0.000000000000000000E+00  0.000000000000000000E+00  0.000000000000000000E+00
  0.000000000000000000E+00  0.000000000000000000E+00  0.000000000000000000E+00  0.000000000000000000E+00  0.000000000000000000E+00  0.000000000000000000E+00  0.000000000000000000E+00  1.000000000000000048E-04  0.000000000000000000E+00  0.000000000000000000E+00  0.000000000000000000E+00  0.000000000000000000E+00  0.000000000000000000E+00  0.000000000000000000E+00  0.000000000000000000E+00  0.000000000000000000E+00  0.000000000000000000E+00  0.000000000000000000E+00  0.000000000000000000E+00  0.000000000000000000E+00  0.000000000000000000E+00  0.000000000000000000E+00  0.000000000000000000E+00  0.000000000000000000E+00  0.000000000000000000E+00  0.000000000000000000E+00  0.000000000000000000E+00  0.000000000000000000E+00  0.000000000000000000E+00  0.000000000000000000E+00  0.000000000000000000E+00  0.000000000000000000E+00  0.000000000000000000E+00  0.000000000000000000E+00  0.000000000000000000E+00  0.000000000000000000E+00  0.000000000000000000E+00  0.000000000000000000E+00  0.000000000000000000E+00  0.000000000000000000E+00  0.000000000000000000E+00  0.000000000000000000E+00  0.000000000000000000E+00  0.000000000000000000E+00  0.000000000000000000E+00  0.000000000000000000E+00  0.000000000000000000E+00  0.000000000000000000E+00  0.000000000000000000E+00  0.000000000000000000E+00  0.000000000000000000E+00  0.000000000000000000E+00  0.000000000000000000E+00  0.000000000000000000E+00  0.000000000000000000E+00  0.000000000000000000E+00  0.000000000000000000E+00  0.000000000000000000E+00  0.000000000000000000E+00
  0.000000000000000000E+00  0.000000000000000000E+00  0.000000000000000000E+00  0.000000000000000000E+00  0.000000000000000000E+00  0.000000000000000000E+00  0.000000000000000000E+00  0.000000000000000000E+00  1.000000000000000048E-04  0.000000000000000000E+00  0.000000000000000000E+00  0.000000000000000000E+00  0.000000000000000000E+00  0.000000000000000000E+00  0.000000000000000000E+00  0.000000000000000000E+00  0.000000000000000000E+00  0.000000000000000000E+00  0.000000000000000000E+00  0.000000000000000000E+00  0.000000000000000000E+00  0.000000000000000000E+00  0.000000000000000000E+00  0.000000000000000000E+00  0.000000000000000000E+00  0.000000000000000000E+00  0.000000000000000000E+00  0.000000000000000000E+00  0.000000000000000000E+00  0.000000000000000000E+00  0.000000000000000000E+00  0.000000000000000000E+00  0.000000000000000000E+00  0.000000000000000000E+00  0.000000000000000000E+00  0.000000000000000000E+00  0.000000000000000000E+00  0.000000000000000000E+00  0.000000000000000000E+00  0.000000000000000000E+00  0.000000000000000000E+00  0.000000000000000000E+00  0.000000000000000000E+00  0.000000000000000000E+00  0.000000000000000000E+00  0.000000000000000000E+00  0.000000000000000000E+00  0.000000000000000000E+00  0.000000000000000000E+00  0.000000000000000000E+00  0.000000000000000000E+00  0.000000000000000000E+00  0.000000000000000000E+00  0.000000000000000000E+00  0.000000000000000000E+00  0.000000000000000000E+00  0.000000000000000000E+00  0.000000000000000000E+00  0.000000000000000000E+00
  0.000000000000000000E+00  0.000000000000000000E+00  0.000000000000000000E+00  0.000000000000000000E+00  0.000000000000000000E+00  0.000000000000000000E+00  0.000000000000000000E+00  0.000000000000000000E+00  0.000000000000000000E+00  1.000000000000000048E-04  0.000000000000000000E+00  0.000000000000000000E+00  0.000000000000000000E+00  0.000000000000000000E+00  0.000000000000000000E+00  0.000000000000000000E+00  0.000000000000000000E+00  0.000000000000000000E+00  0.000000000000000000E+00  0.000000000000000000E+00  0.000000000000000000E+00  0.000000000000000000E+00  0.000000000000000000E+00  0.000000000000000000E+00  0.000000000000000000E+00  0.000000000000000000E+00  0.000000000000000000E+00  0.000000000000000000E+00  0.000000000000000000E+00  0.000000000000000000E+00  0.000000000000000000E+00  0.000000000000000000E+00  0.000000000000000000E+00  0.000000000000000000E+00  0.000000000000000000E+00  0.000000000000000000E+00  0.000000000000000000E+00  0.000000000000000000E+00  0.000000000000000000E+00  0.000000000000000000E+00  0.000000000000000000E+00  0.000000000000000000E+00  0.000000000000000000E+00  0.000000000000000000E+00  0.000000000000000000E+00  0.000000000000000000E+00  0.000000000000000000E+00  0.000000000000000000E+00  0.000000000000000000E+00  0.000000000000000000E+00  0.000000000000000000E+00  0.000000000000000000E+00  0.000000000000000000E+00  0.000000000000000000E+00  0.000000000000000000E+00  0.000000000000000000E+00  0.000000000000000000E+00  0.000000000000000000E+00  0.000000000000000000E+00
  0.000000000000000000E+00  0.000000000000000000E+00  0.000000000000000000E+00  0.000000000000000000E+00  0.000000000000000000E+00  0.000000000000000000E+00  0.000000000000000000E+00  0.000000000000000000E+00  0.000000000000000000E+00  0.000000000000000000E+00  2.851560000000000189E-05  3.084417332305652094E-05  3.370576791401283122E-05  3.534502283045999014E-05  3.719346969274181400E-05  3.914727493412215010E-05  4.130318382702484459E-05  4.370702739394418242E-05  4.645328870734069212E-05  4.944275216799285999E-05  5.281683485342204078E-05  5.652522658229354832E-05  6.042407790537305314E-05  6.460643394496527259E-05  6.855519206419381014E-05  7.194362822263707742E-05  7.467995840930982188E-05  7.625437587704376964E-05  7.713345088237652785E-05  7.773538673805317615E-05  7.870703708172831681E-05  7.940271893800514009E-05  8.042048164840587081E-05  8.153032084012961083E-05  8.232028388695419830E-05  8.352155836753614255E-05  8.444974238552991274E-05  8.578746626020878415E-05  8.721622965236637797E-05  8.828282774233990029E-05  8.984722254669107254E-05  9.105072689749558221E-05  9.279530013304098735E-05  9.445014705902446850E-05  9.583562844733784988E-05  9.775962478793351774E-05  9.923586051237056889E-05  1.014281290361394177E-04  1.038439742417780596E-04  1.057243869253964464E-04  1.083627083388319021E-04  1.105560212505680133E-04  1.136833269212293750E-04  1.172549924925996739E-04  0.000000000000000000E+00  0.000000000000000000E+00  0.000000000000000000E+00  0.000000000000000000E+00  0.000000000000000000E+00
  0.000000000000000000E+00  0.000000000000000000E+00  0.000000000000000000E+00  0.000000000000000000E+00  0.000000000000000000E+00  0.000000000000000000E+00  0.000000000000000000E+00  0.000000000000000000E+00  0.000000000000000000E+00  0.000000000000000000E+00  3.084417332305652094E-05  3.481000000000000045E-05  3.803952755672421676E-05  3.988955164535396648E-05  4.197566478581967879E-05  4.418068288567614151E-05  4.661379035709097436E-05  4.932671100139015722E-05  5.242607616569728689E-05  5.579991348580834356E-05  5.960782291004934125E-05  6.379302556501954705E-05  6.819317638556187994E-05  7.291328388247365162E-05  7.736975832549573817E-05  8.119386673780452739E-05  8.428202386882662389E-05  8.605887395580400195E-05  8.705097708708677863E-05  8.773030756927032033E-05  8.882688902435014215E-05  8.961201901189608362E-05  9.076064178670605986E-05  9.201317988715255211E-05  9.290471338269960994E-05  9.426044317422555701E-05  9.530796956852872234E-05  9.681769289908599956E-05  9.843016126256222767E-05  9.963389848460100964E-05  1.013994372321983325E-04  1.027576836021922740E-04  1.047265674394497843E-04  1.065941882989922870E-04  1.081578096229308733E-04  1.103291861067373414E-04  1.119952306147040919E-04  1.144693727002483129E-04  1.171958381083978057E-04  1.193180271141192029E-04  1.222955738760237083E-04  1.247708946329739710E-04  1.283002973910095249E-04  1.323311941583565649E-04  0.000000000000000000E+00  0.000000000000000000E+00  0.000000000000000000E+00  0.000000000000000000E+00  0.000000000000000000E+00
  0.000000000000000000E+00  0.000000000000000000E+00  0.000000000000000000E+00  0.000000000000000000E+00  0.000000000000000000E+00  0.000000000000000000E+00  0.000000000000000000E+00  0.000000000000000000E+00  0.000000000000000000E+00  0.000000000000000000E+00  3.370576791401283122E-05  3.803952755672421676E-05  4.303360000000000079E-05  4.512650708202773601E-05  4.748649849642362972E-05  4.998100547368522717E-05  5.273354685385199449E-05  5.580263706966556768E-05  5.930890671341539078E-05  6.312568297285309335E-05  6.743351909817453657E-05  7.216818192237381673E-05  7.714601268193114439E-05  8.248580607647860346E-05  8.752735498386863882E-05  9.185351680400515191E-05  9.534710695218408185E-05  9.735723328166930100E-05  9.847958605660074040E-05  9.924810338885465644E-05  1.004886510700779545E-04  1.013768579433540145E-04  1.026762792615697515E-04  1.040932585739178732E-04  1.051018382881838457E-04  1.066355569567349344E-04  1.078206093150919876E-04  1.095285387792786774E-04  1.113527023013680350E-04  1.127144738439058092E-04  1.147118038090403177E-04  1.162483694485743425E-04  1.184757409471466893E-04  1.205885550167052885E-04  1.223574585475260617E-04  1.248139072222419232E-04  1.266986807076940546E-04  1.294976439885525178E-04  1.325820572114344684E-04  1.349828607613846572E-04  1.383513189038266221E-04  1.411516155996110861E-04  1.451443809225166383E-04  1.497044795953678294E-04  0.000000000000000000E+00  0.000000000000000000E+00  0.000000000000000000E+00  0.000000000000000000E+00  0.000000000000000000E+00
  0.000000000000000000E+00  0.000000000000000000E+00  0.000000000000000000E+00  0.000000000000000000E+00  0.000000000000000000E+00  0.000000000000000000E+00  0.000000000000000000E+00  0.000000000000000000E+00  0.000000000000000000E+00  0.000000000000000000E+00  3.534502283045999014E-05  3.988955164535396648E-05  4.512650708202773601E-05  4.872040000000000198E-05  5.126834206644294485E-05  5.396151256851749713E-05  5.693326743566266411E-05  6.024678121324629270E-05  6.403229156176122464E-05  6.815303739596225883E-05  7.280395129848538007E-05  7.791568454743402566E-05  8.328995172253576319E-05  8.905500838040684920E-05  9.449806824190073930E-05  9.916876730484064709E-05  1.029405883577296426E-04  1.051108019451680561E-04  1.063225393401402464E-04  1.071522616974741090E-04  1.084916070879429068E-04  1.094505511088062589E-04  1.108534588560627015E-04  1.123832869627193183E-04  1.134721903653603301E-04  1.151280549968384360E-04  1.164074853949224561E-04  1.182514350388801674E-04  1.202208756672021176E-04  1.216910992353692142E-04  1.238474973509258600E-04  1.255064356872849160E-04  1.279111959352205246E-04  1.301922753550703723E-04  1.321020550645068991E-04  1.347541362857298034E-04  1.367890138789302394E-04  1.398108877053458679E-04  1.431409448203567871E-04  1.457329493170127558E-04  1.493696728016094544E-04  1.523929862366444894E-04  1.567037369731126160E-04  1.616270037124801823E-04  0.000000000000000000E+00  0.000000000000000000E+00  0.000000000000000000E+00  0.000000000000000000E+00  0.000000000000000000E+00
  0.000000000000000000E+00  0.000000000000000000E+00  0.000000000000000000E+00  0.000000000000000000E+00  0.000000000000000000E+00  0.000000000000000000E+00  0.000000000000000000E+00  0.000000000000000000E+00  0.000000000000000000E+00  0.000000000000000000E+00  3.719346969274181400E-05  4.197566478581967879E-05  4.748649849642362972E-05  5.126834206644294485E-05  5.535360000000000481E-05  5.826137264672286994E-05  6.146992832813774046E-05  6.504747557944441259E-05  6.913462989693716025E-05  7.358373254809014359E-05  7.860524909061964187E-05  8.412430483075458796E-05  8.992681420619285694E-05  9.615125266772068440E-05  1.020280363943861142E-04  1.070709146547224345E-04  1.111432888610623920E-04  1.134864333824503599E-04  1.147947266558978604E-04  1.156905644697946758E-04  1.171366340327575684E-04  1.181719903874543835E-04  1.196866871993366934E-04  1.213384178711591392E-04  1.225140892691207681E-04  1.243018995389789233E-04  1.256832798533959324E-04  1.276741624701869735E-04  1.298005356738025267E-04  1.313879122891302876E-04  1.337161404689021402E-04  1.355072693682232178E-04  1.381036501266963358E-04  1.405664946948113284E-04  1.426284529689303263E-04  1.454918621834672598E-04  1.476888866200484968E-04  1.509515549314422139E-04  1.545469637566892075E-04  1.573455091030581644E-04  1.612720206492299492E-04  1.645362432827738480E-04  1.691904911548217268E-04  1.745060626517714653E-04  0.000000000000000000E+00  0.000000000000000000E+00  0.000000000000000000E+00  0.000000000000000000E+00  0.000000000000000000E+00
  0.000000000000000000E+00  0.000000000000000000E+00  0.000000000000000000E+00  0.000000000000000000E+00  0.000000000000000000E+00  0.000000000000000000E+00  0.000000000000000000E+00  0.000000000000000000E+00  0.000000000000000000E+00  0.000000000000000000E+00  3.914727493412215010E-05  4.418068288567614151E-05  4.998100547368522717E-05  5.396151256851749713E-05  5.826137264672286994E-05  6.272639999999999629E-05  6.618085254637375481E-05  7.003257538965601569E-05  7.443296049790487992E-05  7.922303288822607492E-05  8.462938774984707466E-05  9.057141215214155523E-05  9.681861347186475905E-05  1.035200796230427358E-04  1.098472475218759549E-04  1.152766012178011693E-04  1.196610734986980996E-04  1.221837916192890737E-04  1.235923496991885571E-04  1.245568426127069081E-04  1.261137358631328963E-04  1.272284397208853365E-04  1.288592196662356347E-04  1.306375354543177288E-04  1.319033078010193466E-04  1.338281320373315689E-04  1.353153783931573850E-04  1.374588380080057318E-04  1.397481719193099014E-04  1.414572016932470083E-04  1.439638603156105439E-04  1.458922575140705381E-04  1.486876193569131900E-04  1.513392110805437864E-04  1.535591934395240268E-04  1.566420482298467882E-04  1.590074479339425326E-04  1.625201601868578197E-04  1.663911134770161408E-04  1.694041333706411976E-04  1.736315643881567524E-04  1.771459500831571116E-04  1.821568895866163614E-04  1.878798351472720386E-04  0.000000000000000000E+00  0.000000000000000000E+00  0.000000000000000000E+00  0.000000000000000000E+00  0.000000000000000000E+00
  0.000000000000000000E+00  0.000000000000000000E+00  0.000000000000000000E+00  0.000000000000000000E+00  0.000000000000000000E+00  0.000000000000000000E+00  0.000000000000000000E+00  0.000000000000000000E+00  0.000000000000000000E+00  0.000000000000000000E+00  4.130318382702484459E-05  4.661379035709097436E-05  5.273354685385199449E-05  5.693326743566266411E-05  6.146992832813774046E-05  6.618085254637375481E-05  7.123359999999998829E-05  7.537939253322514669E-05  8.011573636359985780E-05  8.527151915415989171E-05  9.109063608682422804E-05  9.748631962938199779E-05  1.042104796062697040E-04  1.114235864318738664E-04  1.182338182420868025E-04  1.240776899142302626E-04  1.287969060115093378E-04  1.315122275373088159E-04  1.330283256076686903E-04  1.340664552140568655E-04  1.357422134851645802E-04  1.369420222767777306E-04  1.386973083126248239E-04  1.406113941946880806E-04  1.419738051876988686E-04  1.440455850824001792E-04  1.456463790875562757E-04  1.479534866412595274E-04  1.504176056398778415E-04  1.522571156887914893E-04  1.549551516126544746E-04  1.570307772564910273E-04  1.600395581909582485E-04  1.628935925065793907E-04  1.652830651301882533E-04  1.686012884008548679E-04  1.711472806309127608E-04  1.749281799380640991E-04  1.790946711161069181E-04  1.823377277652206180E-04  1.868879128798394849E-04  1.906706133923171797E-04  1.960641259640009200E-04  2.022240045271225535E-04  0.000000000000000000E+00  0.000000000000000000E+00  0.000000000000000000E+00  0.000000000000000000E+00  0.000000000000000000E+00
  0.000000000000000000E+00  0.000000000000000000E+00  0.000000000000000000E+00  0.000000000000000000E+00  0.000000000000000000E+00  0.000000000000000000E+00  0.000000000000000000E+00  0.000000000000000000E+00  0.000000000000000000E+00  0.000000000000000000E+00  4.370702739394418242E-05  4.932671100139015722E-05  5.580263706966556768E-05  6.024678121324629270E-05  6.504747557944441259E-05  7.003257538965601569E-05  7.537939253322514669E-05  8.118010000000001241E-05  8.628092202658674747E-05  9.183346030595079910E-05  9.810037860589816445E-05  1.049882323296376434E-04  1.122298398963096454E-04  1.199980204790216754E-04  1.273323234071407147E-04  1.336259014102092609E-04  1.387082776648316661E-04  1.416325526634580362E-04  1.432653197742750979E-04  1.443833370788375696E-04  1.461880508003548661E-04  1.474801890680001789E-04  1.493705504934502641E-04  1.514319319677835392E-04  1.528991852440017660E-04  1.551303958358848359E-04  1.568543765294237149E-04  1.593390240653909699E-04  1.619927656252153703E-04  1.639738323956326568E-04  1.668794916048953138E-04  1.691148438897382208E-04  1.723551610232370202E-04  1.754288232452220890E-04  1.780021741308282675E-04  1.815757462688142774E-04  1.843176614911241689E-04  1.883895142021842380E-04  1.928766314250187177E-04  1.963692526074548950E-04  2.012695903550754670E-04  2.053433828805012592E-04  2.111519450777563133E-04  2.177858478055033349E-04  0.000000000000000000E+00  0.000000000000000000E+00  0.000000000000000000E+00  0.000000000000000000E+00  0.000000000000000000E+00
  0.000000000000000000E+00  0.000000000000000000E+00  0.000000000000000000E+00  0.000000000000000000E+00  0.000000000000000000E+00  0.000000000000000000E+00  0.000000000000000000E+00  0.000000000000000000E+00  0.000000000000000000E+00  0.000000000000000000E+00  4.645328870734069212E-05  5.242607616569728689E-05  5.930890671341539078E-05  6.403229156176122464E-05  6.913462989693716025E-05  7.443296049790487992E-05  8.011573636359985780E-05  8.628092202658674747E-05  9.312250000000001516E-05  9.911532244295851205E-05  1.058791711093765394E-04  1.133131917865232580E-04  1.211290169398476215E-04  1.295131693031092567E-04  1.374290400237919809E-04  1.442216623535598171E-04  1.497070416431463778E-04  1.528631947319563527E-04  1.546254308289490452E-04  1.558321004379274873E-04  1.577799175171215053E-04  1.591745148742489937E-04  1.612147710248176325E-04  1.634396081247786747E-04  1.650232060976020469E-04  1.674313387816570822E-04  1.692920211708022580E-04  1.719736868824507539E-04  1.748378547958232151E-04  1.769760087004759893E-04  1.801120698755197713E-04  1.825246726648263086E-04  1.860219282014705187E-04  1.893393140562322574E-04  1.921167167799887041E-04  1.959736525150642002E-04  1.989329857522643464E-04  2.033277128272584287E-04  2.081706324874661089E-04  2.119401983245255917E-04  2.172291045066151029E-04  2.216259252120320760E-04  2.278950727884476995E-04  2.350550056247502231E-04  0.000000000000000000E+00  0.000000000000000000E+00  0.000000000000000000E+00  0.000000000000000000E+00  0.000000000000000000E+00
  0.000000000000000000E+00  0.000000000000000000E+00  0.000000000000000000E+00  0.000000000000000000E+00  0.000000000000000000E+00  0.000000000000000000E+00  0.000000000000000000E+00  0.000000000000000000E+00  0.000000000000000000E+00  0.000000000000000000E+00  4.944275216799285999E-05  5.579991348580834356E-05  6.312568297285309335E-05  6.815303739596225883E-05  7.358373254809014359E-05  7.922303288822607492E-05  8.527151915415989171E-05  9.183346030595079910E-05  9.911532244295851205E-05  1.069156000000000034E-04  1.142117568469443097E-04  1.222308275770725178E-04  1.306617504169157150E-04  1.397057272543559712E-04  1.482445691484666768E-04  1.555717641175238580E-04  1.614888373158806622E-04  1.648933765219773827E-04  1.667942988517217737E-04  1.680959321619492693E-04  1.701970405131038278E-04  1.717013912988414072E-04  1.739022135845911512E-04  1.763021431573521364E-04  1.780103687197583237E-04  1.806080190572581750E-04  1.826151353046918339E-04  1.855078454477207138E-04  1.885974205347129660E-04  1.909038450306818201E-04  1.942867111093295185E-04  1.968891833449299279E-04  2.006616694231427411E-04  2.042401302539339505E-04  2.072361118169556437E-04  2.113965845684250857E-04  2.145888143958292970E-04  2.193294021321971299E-04  2.245534547656423017E-04  2.286196816947900275E-04  2.343248195469847480E-04  2.390676656804129529E-04  2.458301889522993325E-04  2.535536014003952530E-04  0.000000000000000000E+00  0.000000000000000000E+00  0.000000000000000000E+00  0.000000000000000000E+00  0.000000000000000000E+00
  0.000000000000000000E+00  0.000000000000000000E+00  0.000000000000000000E+00  0.000000000000000000E+00  0.000000000000000000E+00  0.000000000000000000E+00  0.000000000000000000E+00  0.000000000000000000E+00  0.000000000000000000E+00  0.000000000000000000E+00  5.281683485342204078E-05  5.960782291004934125E-05  6.743351909817453657E-05  7.280395129848538007E-05  7.860524909061964187E-05  8.462938774984707466E-05  9.109063608682422804E-05  9.810037860589816445E-05  1.058791711093765394E-04  1.142117568469443097E-04  1.234321000000000138E-04  1.320985522777170021E-04  1.412101055870176023E-04  1.509842048935591265E-04  1.602123895888570688E-04  1.681311108055543141E-04  1.745258707750174405E-04  1.782052592665542897E-04  1.802596435223860103E-04  1.816663580091146821E-04  1.839370893529822997E-04  1.855628867467574398E-04  1.879413819556257465E-04  1.905350584316383572E-04  1.923811894628248912E-04  1.951885487494261909E-04  1.973576999839777647E-04  2.004839393266038021E-04  2.038229365684218167E-04  2.063155592798506140E-04  2.099715249670417740E-04  2.127840954247603661E-04  2.168611352296780646E-04  2.207284860813440986E-04  2.239663339710374604E-04  2.284626827085395177E-04  2.319126220331501655E-04  2.370359185806174642E-04  2.426817102649253142E-04  2.470762046917456402E-04  2.532419197225509091E-04  2.583676569880274184E-04  2.656761204228943758E-04  2.740230458529283085E-04  0.000000000000000000E+00  0.000000000000000000E+00  0.000000000000000000E+00  0.000000000000000000E+00  0.000000000000000000E+00
  0.000000000000000000E+00  0.000000000000000000E+00  0.000000000000000000E+00  0.000000000000000000E+00  0.000000000000000000E+00  0.000000000000000000E+00  0.000000000000000000E+00  0.000000000000000000E+00  0.000000000000000000E+00  0.000000000000000000E+00  5.652522658229354832E-05  6.379302556501954705E-05  7.216818192237381673E-05  7.791568454743402566E-05  8.412430483075458796E-05  9.057141215214155523E-05  9.748631962938199779E-05  1.049882323296376434E-04  1.133131917865232580E-04  1.222308275770725178E-04  1.320985522777170021E-04  1.428025000000000138E-04  1.526523626140574889E-04  1.632184573376999862E-04  1.731944019807555083E-04  1.817547772994042939E-04  1.886677047675223919E-04  1.926452341651047561E-04  1.948660852087758270E-04  1.963867857919945426E-04  1.988415145315717842E-04  2.005990503131636644E-04  2.031702750253796619E-04  2.059741171461253368E-04  2.079698402031560870E-04  2.110046798559181045E-04  2.133495974483594956E-04  2.167291560129892619E-04  2.203387122526540628E-04  2.230333122207178438E-04  2.269855208637582618E-04  2.300259939489133760E-04  2.344333963519143254E-04  2.386141187025573891E-04  2.421143294565395300E-04  2.469750174013797344E-04  2.507045053625116347E-04  2.562429427079989069E-04  2.623462129792989632E-04  2.670967933570966846E-04  2.737621163716555698E-04  2.793031922065697848E-04  2.872038605459428622E-04  2.962271374719194629E-04  0.000000000000000000E+00  0.000000000000000000E+00  0.000000000000000000E+00  0.000000000000000000E+00  0.000000000000000000E+00
  0.000000000000000000E+00  0.000000000000000000E+00  0.000000000000000000E+00  0.000000000000000000E+00  0.000000000000000000E+00  0.000000000000000000E+00  0.000000000000000000E+00  0.000000000000000000E+00  0.000000000000000000E+00  0.000000000000000000E+00  6.042407790537305314E-05  6.819317638556187994E-05  7.714601268193114439E-05  8.328995172253576319E-05  8.992681420619285694E-05  9.681861347186475905E-05  1.042104796062697040E-04  1.122298398963096454E-04  1.211290169398476215E-04  1.306617504169157150E-04  1.412101055870176023E-04  1.526523626140574889E-04  1.646088999999999886E-04  1.760025869365847834E-04  1.867599001286902448E-04  1.959907691480745754E-04  2.034451535206483841E-04  2.077342239787914602E-04  2.101290237781683248E-04  2.117688336438424161E-04  2.144158296726021316E-04  2.163110249173027686E-04  2.190836414971113341E-04  2.221070953065783639E-04  2.242591339091712767E-04  2.275316781945195327E-04  2.300602620884898840E-04  2.337045254872540496E-04  2.375968011908509610E-04  2.405024564266263073E-04  2.447642228753131653E-04  2.480428418331628794E-04  2.527954552155681428E-04  2.573036337695067230E-04  2.610779994728261379E-04  2.663194021091304939E-04  2.703410032185562866E-04  2.763132401597199464E-04  2.828945507176272686E-04  2.880172215820666639E-04  2.952046078156170933E-04  3.011796899066021137E-04  3.096991802200083814E-04  3.194292077396977659E-04  0.000000000000000000E+00  0.000000000000000000E+00  0.000000000000000000E+00  0.000000000000000000E+00  0.000000000000000000E+00
  0.000000000000000000E+00  0.000000000000000000E+00  0.000000000000000000E+00  0.000000000000000000E+00  0.000000000000000000E+00  0.000000000000000000E+00  0.000000000000000000E+00  0.000000000000000000E+00  0.000000000000000000E+00  0.000000000000000000E+00  6.460643394496527259E-05  7.291328388247365162E-05  8.248580607647860346E-05  8.905500838040684920E-05  9.615125266772068440E-05  1.035200796230427358E-04  1.114235864318738664E-04  1.199980204790216754E-04  1.295131693031092567E-04  1.397057272543559712E-04  1.509842048935591265E-04  1.632184573376999862E-04  1.760025869365847834E-04  1.896128999999999816E-04  2.012020782391715594E-04  2.111467720914060283E-04  2.191776054058486409E-04  2.237983504870891542E-04  2.263783406041826145E-04  2.281449572743745181E-04  2.309966460025774087E-04  2.330383970510627374E-04  2.360254205910917709E-04  2.392826786508022796E-04  2.416011348022258933E-04  2.451267455510433980E-04  2.478508653118612071E-04  2.517769402828643702E-04  2.559702063967565690E-04  2.591005564969744339E-04  2.636918861445856953E-04  2.672240413214686957E-04  2.723441751882587497E-04  2.772009720354443388E-04  2.812672101466193197E-04  2.869139314320024586E-04  2.912465237096159803E-04  2.976805948537474054E-04  3.047708393916590420E-04  3.102896473549864530E-04  3.180328355142298985E-04  3.244699718241521574E-04  3.336482759216305698E-04  3.441307282946338563E-04  0.000000000000000000E+00  0.000000000000000000E+00  0.000000000000000000E+00  0.000000000000000000E+00  0.000000000000000000E+00
