# RANDOM ERROR COVARIANCE MATRICES IN (VMR)^2 UNITS
# nmatr  = 10
# nrows  = 43
# ncols  = 43

smoothing
  3.5402E-12   1.6171E-13   2.1610E-14  -1.9459E-15  -1.5608E-15  -1.1237E-15  -8.4493E-16  -7.3351E-16  -6.6599E-16  -6.1742E-16  -5.7936E-16  -5.3831E-16  -4.8744E-16  -4.2728E-16  -3.5461E-16  -2.8674E-16  -2.3609E-16  -1.9510E-16  -1.5505E-16  -1.1530E-16  -7.7509E-17  -4.8713E-17  -2.8934E-17  -1.7663E-17  -1.1484E-17  -7.9699E-18  -5.3836E-18  -3.2303E-18  -1.4222E-18   3.0581E-19   2.0498E-18   3.7612E-18   5.3522E-18   7.6712E-18   1.2115E-17   1.3637E-17   9.0063E-18   1.5906E-18  -4.2974E-18  -7.3055E-18  -7.5272E-18  -4.2641E-18   5.5400E-18 
  1.6171E-13   1.1254E-12   1.5817E-13   1.3041E-14  -2.9742E-15  -2.1358E-15  -1.5980E-15  -1.4005E-15  -1.2633E-15  -1.1646E-15  -1.1015E-15  -1.0380E-15  -9.5535E-16  -8.4784E-16  -6.9886E-16  -5.5247E-16  -4.5006E-16  -3.7301E-16  -2.9729E-16  -2.2150E-16  -1.4846E-16  -9.2622E-17  -5.4361E-17  -3.2918E-17  -2.1492E-17  -1.5222E-17  -1.0707E-17  -6.9386E-18  -3.7519E-18  -7.5841E-19   2.2123E-18   5.1453E-18   7.9127E-18   1.1814E-17   1.9189E-17   2.2344E-17   1.5875E-17   4.6510E-18  -4.6309E-18  -9.8277E-18  -1.1168E-17  -7.4442E-18   6.8877E-18 
  2.1610E-14   1.5817E-13   3.7722E-13   3.6468E-14   2.8721E-15  -7.1539E-16  -1.2268E-15  -1.0808E-15  -9.7596E-16  -8.9829E-16  -8.4977E-16  -8.0178E-16  -7.3946E-16  -6.5764E-16  -5.4202E-16  -4.2753E-16  -3.4813E-16  -2.8903E-16  -2.3083E-16  -1.7241E-16  -1.1586E-16  -7.2498E-17  -4.2711E-17  -2.6029E-17  -1.7200E-17  -1.2438E-17  -9.0611E-18  -6.2568E-18  -3.8874E-18  -1.6803E-18   4.9825E-19   2.6858E-18   4.8118E-18   7.7809E-18   1.3417E-17   1.6471E-17   1.2612E-17   4.8249E-18  -2.0943E-18  -6.3537E-18  -7.8998E-18  -5.7586E-18   4.1313E-18 
 -1.9459E-15   1.3041E-14   3.6468E-14   1.3121E-13   1.5209E-14   1.4214E-15  -5.1941E-16  -1.1454E-15  -1.0459E-15  -9.6806E-16  -9.0584E-16  -8.3913E-16  -7.5848E-16  -6.6500E-16  -5.5348E-16  -4.4952E-16  -3.7148E-16  -3.0800E-16  -2.4582E-16  -1.8384E-16  -1.2460E-16  -7.9172E-17  -4.7713E-17  -2.9694E-17  -1.9863E-17  -1.4415E-17  -1.0513E-17  -7.3080E-18  -4.6327E-18  -2.1050E-18   4.3768E-19   3.0254E-18   5.5862E-18   9.2981E-18   1.6530E-17   2.0568E-17   1.5606E-17   5.3510E-18  -3.9122E-18  -9.5293E-18  -1.0994E-17  -7.0172E-18   6.7781E-18 
 -1.5608E-15  -2.9742E-15   2.8721E-15   1.5209E-14   4.4269E-14   6.8445E-15   9.8754E-16  -3.0219E-16  -6.3020E-16  -7.0401E-16  -7.5476E-16  -6.9284E-16  -6.2015E-16  -5.4014E-16  -4.5220E-16  -3.7294E-16  -3.1070E-16  -2.5780E-16  -2.0605E-16  -1.5454E-16  -1.0546E-16  -6.7745E-17  -4.1445E-17  -2.6197E-17  -1.7782E-17  -1.3109E-17  -9.7814E-18  -7.0746E-18  -4.8326E-18  -2.7111E-18  -5.6303E-19   1.6648E-18   3.9337E-18   7.2720E-18   1.3894E-17   1.8102E-17   1.4344E-17   5.4512E-18  -3.0149E-18  -8.4097E-18  -9.9540E-18  -6.3733E-18   6.0318E-18 
 -1.1237E-15  -2.1358E-15  -7.1539E-16   1.4214E-15   6.8445E-15   1.6928E-14   3.7022E-15   6.9727E-16  -1.2712E-16  -3.7696E-16  -4.6026E-16  -4.7008E-16  -4.6907E-16  -4.0986E-16  -3.4315E-16  -2.8227E-16  -2.3510E-16  -1.9555E-16  -1.5675E-16  -1.1797E-16  -8.0803E-17  -5.2119E-17  -3.2039E-17  -2.0406E-17  -1.4038E-17  -1.0576E-17  -8.1602E-18  -6.2126E-18  -4.6062E-18  -3.1048E-18  -1.5960E-18   4.6087E-21   1.6949E-18   4.1625E-18   9.0994E-18   1.2845E-17   1.1081E-17   5.2306E-18  -8.8145E-19  -5.1674E-18  -6.8422E-18  -4.8608E-18   3.5051E-18 
 -8.4493E-16  -1.5980E-15  -1.2268E-15  -5.1941E-16   9.8754E-16   3.7022E-15   7.7440E-15   2.0629E-15   4.7222E-16  -4.2723E-17  -2.4307E-16  -3.1153E-16  -3.1828E-16  -2.9555E-16  -2.7043E-16  -2.2154E-16  -1.8432E-16  -1.5366E-16  -1.2349E-16  -9.3221E-17  -6.4026E-17  -4.1412E-17  -2.5533E-17  -1.6351E-17  -1.1370E-17  -8.7195E-18  -6.9089E-18  -5.4622E-18  -4.2748E-18  -3.1819E-18  -2.0962E-18  -9.1982E-19   3.6503E-19   2.2194E-18   5.9514E-18   9.2283E-18   8.6636E-18   4.8319E-18   3.8069E-19  -3.0436E-18  -4.7132E-18  -3.7648E-18   1.8756E-18 
 -7.3351E-16  -1.4005E-15  -1.0808E-15  -1.1454E-15  -3.0219E-16   6.9727E-16   2.0629E-15   4.2258E-15   1.3188E-15   3.5543E-16  -3.3818E-17  -1.8707E-16  -2.3474E-16  -2.3467E-16  -2.0963E-16  -1.7890E-16  -1.5287E-16  -1.3743E-16  -1.1061E-16  -8.3684E-17  -5.7728E-17  -3.7577E-17  -2.3363E-17  -1.5093E-17  -1.0586E-17  -8.1949E-18  -6.5744E-18  -5.2910E-18  -4.2462E-18  -3.2895E-18  -2.3408E-18  -1.2996E-18  -1.3959E-19   1.5451E-18   4.9778E-18   8.1768E-18   7.9667E-18   4.6786E-18   6.5534E-19  -2.5570E-18  -4.2141E-18  -3.4711E-18   1.5724E-18 
 -6.6599E-16  -1.2633E-15  -9.7596E-16  -1.0459E-15  -6.3020E-16  -1.2712E-16   4.7222E-16   1.3188E-15   2.5734E-15   9.2322E-16   2.4345E-16  -4.0618E-17  -1.5049E-16  -1.8210E-16  -1.7394E-16  -1.5255E-16  -1.3292E-16  -1.1480E-16  -9.4790E-17  -7.3099E-17  -5.3947E-17  -3.5148E-17  -2.1867E-17  -1.4160E-17  -9.9946E-18  -7.8229E-18  -6.3778E-18  -5.2429E-18  -4.3250E-18  -3.4994E-18  -2.6946E-18  -1.7986E-18  -7.7579E-19   6.8755E-19   3.6766E-18   6.7577E-18   7.1017E-18   4.6687E-18   1.3218E-18  -1.5753E-18  -3.3089E-18  -3.0875E-18   8.0055E-19 
 -6.1742E-16  -1.1646E-15  -8.9829E-16  -9.6806E-16  -7.0401E-16  -3.7696E-16  -4.2723E-17   3.5543E-16   9.2322E-16   1.6508E-15   5.9326E-16   1.4018E-16  -4.8975E-17  -1.2021E-16  -1.3307E-16  -1.2337E-16  -1.1135E-16  -9.8834E-17  -8.3184E-17  -6.5021E-17  -4.5857E-17  -3.0319E-17  -2.0319E-17  -1.3156E-17  -9.3083E-18  -7.3276E-18  -6.0273E-18  -5.0129E-18  -4.1982E-18  -3.4781E-18  -2.7904E-18  -2.0213E-18  -1.1314E-18   1.1571E-19   2.6521E-18   5.4700E-18   6.1360E-18   4.3891E-18   1.6786E-18  -8.3997E-19  -2.5272E-18  -2.6697E-18   2.4962E-19 
 -5.7936E-16  -1.1015E-15  -8.4977E-16  -9.0584E-16  -7.5476E-16  -4.6026E-16  -2.4307E-16  -3.3818E-17   2.4345E-16   5.9326E-16   1.0447E-15   3.7042E-16   7.9322E-17  -4.2163E-17  -8.3048E-17  -9.0119E-17  -8.8047E-17  -8.1975E-17  -7.1180E-17  -5.6843E-17  -4.0745E-17  -2.7308E-17  -1.7370E-17  -1.1472E-17  -8.8654E-18  -6.9926E-18  -5.7659E-18  -4.8153E-18  -4.0593E-18  -3.3953E-18  -2.7668E-18  -2.0653E-18  -1.2511E-18  -1.1048E-19   2.2235E-18   4.8670E-18   5.5756E-18   4.0635E-18   1.6282E-18  -6.8339E-19  -2.2769E-18  -2.4624E-18   2.1692E-19 
 -5.3831E-16  -1.0380E-15  -8.0178E-16  -8.3913E-16  -6.9284E-16  -4.7008E-16  -3.1153E-16  -1.8707E-16  -4.0618E-17   1.4018E-16   3.7042E-16   6.5096E-16   2.3504E-16   5.2249E-17  -2.3037E-17  -5.0864E-17  -6.0935E-17  -6.2523E-17  -5.7449E-17  -4.7574E-17  -3.5032E-17  -2.4014E-17  -1.5586E-17  -1.0466E-17  -7.6119E-18  -6.1198E-18  -5.5278E-18  -4.6321E-18  -3.9284E-18  -3.3122E-18  -2.7305E-18  -2.0828E-18  -1.3295E-18  -2.5939E-19   1.9692E-18   4.4996E-18   5.1854E-18   3.7660E-18   1.4775E-18  -7.0186E-19  -2.2065E-18  -2.3440E-18   3.4325E-19 
 -4.8744E-16  -9.5535E-16  -7.3946E-16  -7.5848E-16  -6.2015E-16  -4.6907E-16  -3.1828E-16  -2.3474E-16  -1.5049E-16  -4.8975E-17   7.9322E-17   2.3504E-16   4.1980E-16   1.6363E-16   4.7603E-17  -4.4921E-18  -2.8860E-17  -3.9581E-17  -4.1309E-17  -3.6712E-17  -2.8340E-17  -2.0146E-17  -1.3481E-17  -9.2768E-18  -6.8658E-18  -5.5884E-18  -4.7254E-18  -4.4392E-18  -3.7983E-18  -3.2388E-18  -2.7115E-18  -2.1230E-18  -1.4335E-18  -4.3089E-19   1.7152E-18   4.1716E-18   4.8577E-18   3.5254E-18   1.3615E-18  -7.1176E-19  -2.1498E-18  -2.2513E-18   4.5443E-19 
 -4.2728E-16  -8.4784E-16  -6.5764E-16  -6.6500E-16  -5.4014E-16  -4.0986E-16  -2.9555E-16  -2.3467E-16  -1.8210E-16  -1.2021E-16  -4.2163E-17   5.2249E-17   1.6363E-16   2.8832E-16   1.2648E-16   4.7975E-17   7.7452E-18  -1.3467E-17  -2.2982E-17  -2.4384E-17  -2.0679E-17  -1.5633E-17  -1.0944E-17  -7.7944E-18  -5.9177E-18  -4.9150E-18  -4.2309E-18  -3.6880E-18  -3.2578E-18  -3.1582E-18  -2.7089E-18  -2.2036E-18  -1.6011E-18  -7.0939E-19   1.2541E-18   3.5900E-18   4.3671E-18   3.2831E-18   1.3789E-18  -5.1648E-19  -1.8928E-18  -2.0690E-18   3.7187E-19 
 -3.5461E-16  -6.9886E-16  -5.4202E-16  -5.5348E-16  -4.5220E-16  -3.4315E-16  -2.7043E-16  -2.0963E-16  -1.7394E-16  -1.3307E-16  -8.3048E-17  -2.3037E-17   4.7603E-17   1.2648E-16   2.0967E-16   1.0517E-16   4.8623E-17   1.5823E-17  -2.3157E-18  -1.0356E-17  -1.1738E-17  -1.0130E-17  -7.6418E-18  -5.7349E-18  -4.5404E-18  -3.9178E-18  -3.4940E-18  -3.1498E-18  -2.8755E-18  -2.6208E-18  -2.6707E-18  -2.3036E-18  -1.8461E-18  -1.1850E-18   2.9383E-19   2.3087E-18   3.3533E-18   2.9283E-18   1.6617E-18   1.7221E-19  -1.1119E-18  -1.6143E-18  -1.6425E-19 
 -2.8674E-16  -5.5247E-16  -4.2753E-16  -4.4952E-16  -3.7294E-16  -2.8227E-16  -2.2154E-16  -1.7890E-16  -1.5255E-16  -1.2337E-16  -9.0119E-17  -5.0864E-17  -4.4921E-18   4.7975E-17   1.0517E-16   1.6172E-16   8.9146E-17   4.4719E-17   1.7988E-17   3.3982E-18  -2.9214E-18  -4.6324E-18  -4.2733E-18  -3.5915E-18  -3.0860E-18  -2.8554E-18  -2.7019E-18  -2.5620E-18  -2.4457E-18  -2.3371E-18  -2.2354E-18  -2.3737E-18  -2.0707E-18  -1.6697E-18  -7.6758E-19   8.4699E-19   2.1839E-18   2.5191E-18   1.9939E-18   9.8259E-19  -1.8565E-19  -1.0721E-18  -8.2474E-19 
 -2.3609E-16  -4.5006E-16  -3.4813E-16  -3.7148E-16  -3.1070E-16  -2.3510E-16  -1.8432E-16  -1.5287E-16  -1.3292E-16  -1.1135E-16  -8.8047E-17  -6.0935E-17  -2.8860E-17   7.7452E-18   4.8623E-17   8.9146E-17   1.2917E-16   7.2744E-17   3.7322E-17   1.6253E-17   5.1154E-18   2.2442E-19  -1.4063E-18  -1.8234E-18  -1.9038E-18  -1.9882E-18  -2.0410E-18  -2.0536E-18  -2.0536E-18  -2.0458E-18  -2.0408E-18  -1.9794E-18  -2.1296E-18  -1.8860E-18  -1.3274E-18   1.9608E-21   1.4276E-18   2.1472E-18   2.0425E-18   1.3388E-18   2.9788E-19  -7.3032E-19  -1.0963E-18 
 -1.9510E-16  -3.7301E-16  -2.8903E-16  -3.0800E-16  -2.5780E-16  -1.9555E-16  -1.5366E-16  -1.3743E-16  -1.1480E-16  -9.8834E-17  -8.1975E-17  -6.2523E-17  -3.9581E-17  -1.3467E-17   1.5823E-17   4.4719E-17   7.2744E-17   1.0278E-16   5.7686E-17   2.9550E-17   1.3240E-17   4.9954E-18   1.3133E-18  -2.0001E-19  -8.3984E-19  -1.2108E-18  -1.4423E-18  -1.5835E-18  -1.6800E-18  -1.7497E-18  -1.8126E-18  -1.8206E-18  -1.7434E-18  -1.9525E-18  -1.5920E-18  -4.7081E-19   9.2457E-19   1.8011E-18   1.9208E-18   1.4189E-18   5.0933E-19  -5.1486E-19  -1.1304E-18 
 -1.5505E-16  -2.9729E-16  -2.3083E-16  -2.4582E-16  -2.0605E-16  -1.5675E-16  -1.2349E-16  -1.1061E-16  -9.4790E-17  -8.3184E-17  -7.1180E-17  -5.7449E-17  -4.1309E-17  -2.2982E-17  -2.3157E-18   1.7988E-17   3.7322E-17   5.7686E-17   7.8060E-17   4.2860E-17   2.1384E-17   9.7899E-18   4.0558E-18   1.4443E-18   2.4372E-19  -4.1329E-19  -8.2150E-19  -1.0889E-18  -1.2791E-18  -1.4229E-18  -1.5493E-18  -1.6225E-18  -1.6168E-18  -1.5884E-18  -1.8012E-18  -8.9950E-19   4.3035E-19   1.4263E-18   1.7489E-18   1.4472E-18   6.8489E-19  -3.0513E-19  -1.1278E-18 
 -1.1530E-16  -2.2150E-16  -1.7241E-16  -1.8384E-16  -1.5454E-16  -1.1797E-16  -9.3221E-17  -8.3684E-17  -7.3099E-17  -6.5021E-17  -5.6843E-17  -4.7574E-17  -3.6712E-17  -2.4384E-17  -1.0356E-17   3.3982E-18   1.6253E-17   2.9550E-17   4.2860E-17   5.4499E-17   2.8612E-17   1.4110E-17   6.5665E-18   2.9754E-18   1.2716E-18   3.5958E-19  -2.0507E-19  -5.8366E-19  -8.5573E-19  -1.0634E-18  -1.2436E-18  -1.3735E-18  -1.4329E-18  -1.4902E-18  -1.4737E-18  -1.2568E-18  -4.6642E-20   1.0102E-18   1.5004E-18   1.3941E-18   8.0187E-19  -1.0756E-19  -1.0680E-18 
 -7.7509E-17  -1.4846E-16  -1.1586E-16  -1.2460E-16  -1.0546E-16  -8.0803E-17  -6.4026E-17  -5.7728E-17  -5.3947E-17  -4.5857E-17  -4.0745E-17  -3.5032E-17  -2.8340E-17  -2.0679E-17  -1.1738E-17  -2.9214E-18   5.1154E-18   1.3240E-17   2.1384E-17   2.8612E-17   3.3412E-17   1.7132E-17   8.4110E-18   4.1567E-18   2.1041E-18   1.0178E-18   3.4718E-19  -1.0684E-19  -4.3382E-19  -6.8374E-19  -8.9865E-19  -1.0683E-18  -1.1791E-18  -1.3063E-18  -1.4443E-18  -1.0335E-18  -4.6936E-19   5.6977E-19   1.1725E-18   1.2432E-18   8.3933E-19   6.3331E-20  -9.4471E-19 
 -4.8713E-17  -9.2622E-17  -7.2498E-17  -7.9172E-17  -6.7745E-17  -5.2119E-17  -4.1412E-17  -3.7577E-17  -3.5148E-17  -3.0319E-17  -2.7308E-17  -2.4014E-17  -2.0146E-17  -1.5633E-17  -1.0130E-17  -4.6324E-18   2.2442E-19   4.9954E-18   9.7899E-18   1.4110E-17   1.7132E-17   1.8848E-17   9.5274E-18   4.9150E-18   2.6689E-18   1.4893E-18   7.6399E-19   2.7159E-19  -8.2290E-20  -3.5145E-19  -5.8023E-19  -7.6903E-19  -9.1029E-19  -1.0793E-18  -1.3192E-18  -1.1197E-18  -3.5176E-19   1.9285E-19   8.3379E-19   1.0276E-18   7.9018E-19   1.7136E-19  -7.8358E-19 
 -2.8934E-17  -5.4361E-17  -4.2711E-17  -4.7713E-17  -4.1445E-17  -3.2039E-17  -2.5533E-17  -2.3363E-17  -2.1867E-17  -2.0319E-17  -1.7370E-17  -1.5586E-17  -1.3481E-17  -1.0944E-17  -7.6418E-18  -4.2733E-18  -1.4063E-18   1.3133E-18   4.0558E-18   6.5665E-18   8.4110E-18   9.5274E-18   1.0024E-17   5.3014E-18   2.9896E-18   1.7828E-18   1.0444E-18   5.4356E-19   1.8511E-19  -8.5124E-20  -3.1160E-19  -5.0291E-19  -6.5656E-19  -8.4275E-19  -1.1355E-18  -1.0954E-18  -5.2492E-19   2.2836E-19   5.2659E-19   7.9036E-19   6.8446E-19   2.2147E-19  -6.1592E-19 
 -1.7663E-17  -3.2918E-17  -2.6029E-17  -2.9694E-17  -2.6197E-17  -2.0406E-17  -1.6351E-17  -1.5093E-17  -1.4160E-17  -1.3156E-17  -1.1472E-17  -1.0466E-17  -9.2768E-18  -7.7944E-18  -5.7349E-18  -3.5915E-18  -1.8234E-18  -2.0001E-19   1.4443E-18   2.9754E-18   4.1567E-18   4.9150E-18   5.3014E-18   5.7088E-18   3.2885E-18   2.0319E-18   1.2670E-18   7.4945E-19   3.8089E-19   1.0616E-19  -1.2025E-19  -3.1334E-19  -4.7439E-19  -6.6758E-19  -9.8239E-19  -1.0407E-18  -6.1205E-19   3.6331E-20   5.5466E-19   5.9837E-19   5.7766E-19   2.3023E-19  -4.9142E-19 
 -1.1484E-17  -2.1492E-17  -1.7200E-17  -1.9863E-17  -1.7782E-17  -1.4038E-17  -1.1370E-17  -1.0586E-17  -9.9946E-18  -9.3083E-18  -8.8654E-18  -7.6119E-18  -6.8658E-18  -5.9177E-18  -4.5404E-18  -3.0860E-18  -1.9038E-18  -8.3984E-19   2.4372E-19   1.2716E-18   2.1041E-18   2.6689E-18   2.9896E-18   3.2885E-18   3.8170E-18   2.4078E-18   1.5541E-18   9.7808E-19   5.6987E-19   2.6908E-19   2.5507E-20  -1.8257E-19  -3.5966E-19  -5.6689E-19  -9.0520E-19  -1.0301E-18  -6.8568E-19  -9.2154E-20   4.1617E-19   6.8242E-19   5.0309E-19   2.2554E-19  -4.2749E-19 
 -7.9699E-18  -1.5222E-17  -1.2438E-17  -1.4415E-17  -1.3109E-17  -1.0576E-17  -8.7195E-18  -8.1949E-18  -7.8229E-18  -7.3276E-18  -6.9926E-18  -6.1198E-18  -5.5884E-18  -4.9150E-18  -3.9178E-18  -2.8554E-18  -1.9882E-18  -1.2108E-18  -4.1329E-19   3.5958E-19   1.0178E-18   1.4893E-18   1.7828E-18   2.0319E-18   2.4078E-18   3.0681E-18   2.0218E-18   1.3179E-18   8.2108E-19   4.5887E-19   1.7041E-19  -7.5370E-20  -2.8666E-19  -5.2587E-19  -9.0876E-19  -1.0948E-18  -7.9163E-19  -1.9867E-19   3.3800E-19   6.4264E-19   6.6370E-19   2.1763E-19  -4.2876E-19 
 -5.3836E-18  -1.0707E-17  -9.0611E-18  -1.0513E-17  -9.7814E-18  -8.1602E-18  -6.9089E-18  -6.5744E-18  -6.3778E-18  -6.0273E-18  -5.7659E-18  -5.5278E-18  -4.7254E-18  -4.2309E-18  -3.4940E-18  -2.7019E-18  -2.0410E-18  -1.4423E-18  -8.2150E-19  -2.0507E-19   3.4718E-19   7.6399E-19   1.0444E-18   1.2670E-18   1.5541E-18   2.0218E-18   2.7305E-18   1.8222E-18   1.1837E-18   7.2251E-19   3.6083E-19   5.4007E-20  -2.1127E-19  -5.0128E-19  -9.5255E-19  -1.2127E-18  -9.3710E-19  -3.1350E-19   2.8105E-19   6.4018E-19   6.9396E-19   3.9969E-19  -4.9325E-19 
 -3.2303E-18  -6.9386E-18  -6.2568E-18  -7.3080E-18  -7.0746E-18  -6.2126E-18  -5.4622E-18  -5.2910E-18  -5.2429E-18  -5.0129E-18  -4.8153E-18  -4.6321E-18  -4.4392E-18  -3.6880E-18  -3.1498E-18  -2.5620E-18  -2.0536E-18  -1.5835E-18  -1.0889E-18  -5.8366E-19  -1.0684E-19   2.7159E-19   5.4356E-19   7.4945E-19   9.7808E-19   1.3179E-18   1.8222E-18   2.5562E-18   1.7114E-18   1.1067E-18   6.3921E-19   2.4464E-19  -9.7719E-20  -4.5955E-19  -1.0057E-18  -1.3659E-18  -1.1225E-18  -4.5022E-19   2.2825E-19   6.6193E-19   7.5187E-19   4.2921E-19  -4.7178E-19 
 -1.4222E-18  -3.7519E-18  -3.8874E-18  -4.6327E-18  -4.8326E-18  -4.6062E-18  -4.2748E-18  -4.2462E-18  -4.3250E-18  -4.1982E-18  -4.0593E-18  -3.9284E-18  -3.7983E-18  -3.2578E-18  -2.8755E-18  -2.4457E-18  -2.0536E-18  -1.6800E-18  -1.2791E-18  -8.5573E-19  -4.3382E-19  -8.2290E-20   1.8511E-19   3.8089E-19   5.6987E-19   8.2108E-19   1.1837E-18   1.7114E-18   2.5001E-18   1.6861E-18   1.0656E-18   5.4513E-19   9.2647E-20  -3.6978E-19  -1.0462E-18  -1.5520E-18  -1.3701E-18  -6.4781E-19   1.3828E-19   6.8004E-19   8.4186E-19   5.2624E-19  -4.8002E-19 
  3.0581E-19  -7.5841E-19  -1.6803E-18  -2.1050E-18  -2.7111E-18  -3.1048E-18  -3.1819E-18  -3.2895E-18  -3.4994E-18  -3.4781E-18  -3.3953E-18  -3.3122E-18  -3.2388E-18  -3.1582E-18  -2.6208E-18  -2.3371E-18  -2.0458E-18  -1.7497E-18  -1.4229E-18  -1.0634E-18  -6.8374E-19  -3.5145E-19  -8.5124E-20   1.0616E-19   2.6908E-19   4.5887E-19   7.2251E-19   1.1067E-18   1.6861E-18   2.6125E-18   1.7564E-18   1.0435E-18   4.2391E-19  -1.8677E-19  -1.0472E-18  -1.7684E-18  -1.6966E-18  -9.2901E-19  -7.9748E-21   6.8049E-19   9.4793E-19   6.5534E-19  -4.7551E-19 
  2.0498E-18   2.2123E-18   4.9825E-19   4.3768E-19  -5.6303E-19  -1.5960E-18  -2.0962E-18  -2.3408E-18  -2.6946E-18  -2.7904E-18  -2.7668E-18  -2.7305E-18  -2.7115E-18  -2.7089E-18  -2.6707E-18  -2.2354E-18  -2.0408E-18  -1.8126E-18  -1.5493E-18  -1.2436E-18  -8.9865E-19  -5.8023E-19  -3.1160E-19  -1.2025E-19   2.5507E-20   1.7041E-19   3.6083E-19   6.3921E-19   1.0656E-18   1.7564E-18   2.9157E-18   1.8998E-18   1.0187E-18   1.8453E-19  -9.3712E-19  -1.9831E-18  -2.1125E-18  -1.3295E-18  -2.4978E-19   6.3541E-19   1.0599E-18   8.2330E-19  -4.4090E-19 
  3.7612E-18   5.1453E-18   2.6858E-18   3.0254E-18   1.6648E-18   4.6087E-21  -9.1982E-19  -1.2996E-18  -1.7986E-18  -2.0213E-18  -2.0653E-18  -2.0828E-18  -2.1230E-18  -2.2036E-18  -2.3036E-18  -2.3737E-18  -1.9794E-18  -1.8206E-18  -1.6225E-18  -1.3735E-18  -1.0683E-18  -7.6903E-19  -5.0291E-19  -3.1334E-19  -1.8257E-19  -7.5370E-20   5.4007E-20   2.4464E-19   5.4513E-19   1.0435E-18   1.8998E-18   3.3707E-18   2.0923E-18   9.3395E-19  -5.3935E-19  -2.0687E-18  -2.5709E-18  -1.8758E-18  -6.5493E-19   4.7062E-19   1.1256E-18   1.0209E-18  -3.2787E-19 
  5.3522E-18   7.9127E-18   4.8118E-18   5.5862E-18   3.9337E-18   1.6949E-18   3.6503E-19  -1.3959E-19  -7.7579E-19  -1.1314E-18  -1.2511E-18  -1.3295E-18  -1.4335E-18  -1.6011E-18  -1.8461E-18  -2.0707E-18  -2.1296E-18  -1.7434E-18  -1.6168E-18  -1.4329E-18  -1.1791E-18  -9.1029E-19  -6.5656E-19  -4.7439E-19  -3.5966E-19  -2.8666E-19  -2.1127E-19  -9.7719E-20   9.2647E-20   4.2391E-19   1.0187E-18   2.0923E-18   4.0185E-18   2.3891E-18   4.5329E-19  -1.7913E-18  -2.9611E-18  -2.5742E-18  -1.3026E-18   8.5200E-20   1.0660E-18   1.2247E-18  -7.4512E-20 
  7.6712E-18   1.1814E-17   7.7809E-18   9.2981E-18   7.2720E-18   4.1625E-18   2.2194E-18   1.5451E-18   6.8755E-19   1.1571E-19  -1.1048E-19  -2.5939E-19  -4.3089E-19  -7.0939E-19  -1.1850E-18  -1.6697E-18  -1.8860E-18  -1.9525E-18  -1.5884E-18  -1.4902E-18  -1.3063E-18  -1.0793E-18  -8.4275E-19  -6.6758E-19  -5.6689E-19  -5.2587E-19  -5.0128E-19  -4.5955E-19  -3.6978E-19  -1.8677E-19   1.8453E-19   9.3395E-19   2.3891E-18   5.3947E-18   2.7328E-18  -7.0415E-19  -3.1278E-18  -3.4834E-18  -2.3372E-18  -6.4882E-19   8.1967E-19   1.4400E-18   3.6661E-19 
  1.2115E-17   1.9189E-17   1.3417E-17   1.6530E-17   1.3894E-17   9.0994E-18   5.9514E-18   4.9778E-18   3.6766E-18   2.6521E-18   2.2235E-18   1.9692E-18   1.7152E-18   1.2541E-18   2.9383E-19  -7.6758E-19  -1.3274E-18  -1.5920E-18  -1.8012E-18  -1.4737E-18  -1.4443E-18  -1.3192E-18  -1.1355E-18  -9.8239E-19  -9.0520E-19  -9.0876E-19  -9.5255E-19  -1.0057E-18  -1.0462E-18  -1.0472E-18  -9.3712E-19  -5.3935E-19   4.5329E-19   2.7328E-18   8.6036E-18   2.9821E-18  -2.0924E-18  -4.3940E-18  -4.0124E-18  -2.1129E-18   1.0528E-19   1.5665E-18   1.1152E-18 
  1.3637E-17   2.2344E-17   1.6471E-17   2.0568E-17   1.8102E-17   1.2845E-17   9.2283E-18   8.1768E-18   6.7577E-18   5.4700E-18   4.8670E-18   4.4996E-18   4.1716E-18   3.5900E-18   2.3087E-18   8.4699E-19   1.9608E-21  -4.7081E-19  -8.9950E-19  -1.2568E-18  -1.0335E-18  -1.1197E-18  -1.0954E-18  -1.0407E-18  -1.0301E-18  -1.0948E-18  -1.2127E-18  -1.3659E-18  -1.5520E-18  -1.7684E-18  -1.9831E-18  -2.0687E-18  -1.7913E-18  -7.0415E-19   2.9821E-18   1.3177E-17   3.4763E-18  -3.2212E-18  -5.6169E-18  -4.6569E-18  -1.9292E-18   9.1106E-19   2.4188E-18 
  9.0063E-18   1.5875E-17   1.2612E-17   1.5606E-17   1.4344E-17   1.1081E-17   8.6636E-18   7.9667E-18   7.1017E-18   6.1360E-18   5.5756E-18   5.1854E-18   4.8577E-18   4.3671E-18   3.3533E-18   2.1839E-18   1.4276E-18   9.2457E-19   4.3035E-19  -4.6642E-20  -4.6936E-19  -3.5176E-19  -5.2492E-19  -6.1205E-19  -6.8568E-19  -7.9163E-19  -9.3710E-19  -1.1225E-18  -1.3701E-18  -1.6966E-18  -2.1125E-18  -2.5709E-18  -2.9611E-18  -3.1278E-18  -2.0924E-18   3.4763E-18   1.7610E-17   3.6611E-18  -4.5794E-18  -7.0508E-18  -5.2513E-18  -1.1287E-18   3.8517E-18 
  1.5906E-18   4.6510E-18   4.8249E-18   5.3510E-18   5.4512E-18   5.2306E-18   4.8319E-18   4.6786E-18   4.6687E-18   4.3891E-18   4.0635E-18   3.7660E-18   3.5254E-18   3.2831E-18   2.9283E-18   2.5191E-18   2.1472E-18   1.8011E-18   1.4263E-18   1.0102E-18   5.6977E-19   1.9285E-19   2.2836E-19   3.6331E-20  -9.2154E-20  -1.9867E-19  -3.1350E-19  -4.5022E-19  -6.4781E-19  -9.2901E-19  -1.3295E-18  -1.8758E-18  -2.5742E-18  -3.4834E-18  -4.3940E-18  -3.2212E-18   3.6611E-18   2.0124E-17   3.0543E-18  -6.0105E-18  -7.8589E-18  -4.1611E-18   3.9637E-18 
 -4.2974E-18  -4.6309E-18  -2.0943E-18  -3.9122E-18  -3.0149E-18  -8.8145E-19   3.8069E-19   6.5534E-19   1.3218E-18   1.6786E-18   1.6282E-18   1.4775E-18   1.3615E-18   1.3789E-18   1.6617E-18   1.9939E-18   2.0425E-18   1.9208E-18   1.7489E-18   1.5004E-18   1.1725E-18   8.3379E-19   5.2659E-19   5.5466E-19   4.1617E-19   3.3800E-19   2.8105E-19   2.2825E-19   1.3828E-19  -7.9748E-21  -2.4978E-19  -6.5493E-19  -1.3026E-18  -2.3372E-18  -4.0124E-18  -5.6169E-18  -4.5794E-18   3.0543E-18   2.1152E-17   2.4425E-18  -6.4522E-18  -6.5207E-18   1.4414E-18 
 -7.3055E-18  -9.8277E-18  -6.3537E-18  -9.5293E-18  -8.4097E-18  -5.1674E-18  -3.0436E-18  -2.5570E-18  -1.5753E-18  -8.3997E-19  -6.8339E-19  -7.0186E-19  -7.1176E-19  -5.1648E-19   1.7221E-19   9.8259E-19   1.3388E-18   1.4189E-18   1.4472E-18   1.3941E-18   1.2432E-18   1.0276E-18   7.9036E-19   5.9837E-19   6.8242E-19   6.4264E-19   6.4018E-19   6.6193E-19   6.8004E-19   6.8049E-19   6.3541E-19   4.7062E-19   8.5200E-20  -6.4882E-19  -2.1129E-18  -4.6569E-18  -7.0508E-18  -6.0105E-18   2.4425E-18   2.2073E-17   2.5975E-18  -5.5937E-18  -3.6427E-18 
 -7.5272E-18  -1.1168E-17  -7.8998E-18  -1.0994E-17  -9.9540E-18  -6.8422E-18  -4.7132E-18  -4.2141E-18  -3.3089E-18  -2.5272E-18  -2.2769E-18  -2.2065E-18  -2.1498E-18  -1.8928E-18  -1.1119E-18  -1.8565E-19   2.9788E-19   5.0933E-19   6.8489E-19   8.0187E-19   8.3933E-19   7.9018E-19   6.8446E-19   5.7766E-19   5.0309E-19   6.6370E-19   6.9396E-19   7.5187E-19   8.4186E-19   9.4793E-19   1.0599E-18   1.1256E-18   1.0660E-18   8.1967E-19   1.0528E-19  -1.9292E-18  -5.2513E-18  -7.8589E-18  -6.4522E-18   2.5975E-18   2.3143E-17   1.9529E-18  -9.1269E-18 
 -4.2641E-18  -7.4442E-18  -5.7586E-18  -7.0172E-18  -6.3733E-18  -4.8608E-18  -3.7648E-18  -3.4711E-18  -3.0875E-18  -2.6697E-18  -2.4624E-18  -2.3440E-18  -2.2513E-18  -2.0690E-18  -1.6143E-18  -1.0721E-18  -7.3032E-19  -5.1486E-19  -3.0513E-19  -1.0756E-19   6.3331E-20   1.7136E-19   2.2147E-19   2.3023E-19   2.2554E-19   2.1763E-19   3.9969E-19   4.2921E-19   5.2624E-19   6.5534E-19   8.2330E-19   1.0209E-18   1.2247E-18   1.4400E-18   1.5665E-18   9.1106E-19  -1.1287E-18  -4.1611E-18  -6.5207E-18  -5.5937E-18   1.9529E-18   2.0741E-17  -9.6431E-18 
  5.5400E-18   6.8877E-18   4.1313E-18   6.7781E-18   6.0318E-18   3.5051E-18   1.8756E-18   1.5724E-18   8.0055E-19   2.4962E-19   2.1692E-19   3.4325E-19   4.5443E-19   3.7187E-19  -1.6425E-19  -8.2474E-19  -1.0963E-18  -1.1304E-18  -1.1278E-18  -1.0680E-18  -9.4471E-19  -7.8358E-19  -6.1592E-19  -4.9142E-19  -4.2749E-19  -4.2876E-19  -4.9325E-19  -4.7178E-19  -4.8002E-19  -4.7551E-19  -4.4090E-19  -3.2787E-19  -7.4512E-20   3.6661E-19   1.1152E-18   2.4188E-18   3.8517E-18   3.9637E-18   1.4414E-18  -3.6427E-18  -9.1269E-18  -9.6431E-18   9.8806E-18 


measurement
  3.4753E-16   5.4816E-16   3.7962E-16   4.6045E-16   3.7051E-16   2.3869E-16   1.5918E-16   1.3233E-16   1.0866E-16   9.9926E-17   9.9772E-17   1.0037E-16   9.6640E-17   8.6412E-17   6.6621E-17   4.6096E-17   3.4080E-17   2.6838E-17   1.9818E-17   1.2971E-17   6.7338E-18   2.4938E-18   1.7967E-19  -8.6981E-19  -1.4902E-18  -2.1489E-18  -2.9076E-18  -3.6987E-18  -4.4947E-18  -5.4106E-18  -6.5081E-18  -7.5552E-18  -8.3764E-18  -9.8836E-18  -1.2995E-17  -1.1696E-17  -3.8500E-18   5.4616E-18   1.1418E-17   1.2990E-17   1.0587E-17   3.4460E-18  -1.2669E-17 
  5.4816E-16   8.6504E-16   5.9807E-16   7.2319E-16   5.7984E-16   3.7216E-16   2.4727E-16   2.0473E-16   1.6765E-16   1.5442E-16   1.5443E-16   1.5557E-16   1.4990E-16   1.3403E-16   1.0327E-16   7.1401E-17   5.2734E-17   4.1473E-17   3.0566E-17   1.9942E-17   1.0285E-17   3.7333E-18   1.7301E-19  -1.4358E-18  -2.3923E-18  -3.4195E-18  -4.6052E-18  -5.8407E-18  -7.0804E-18  -8.5051E-18  -1.0208E-17  -1.1823E-17  -1.3073E-17  -1.5373E-17  -2.0117E-17  -1.7949E-17  -5.6830E-18   8.7063E-18   1.7785E-17   2.0060E-17   1.6248E-17   5.2128E-18  -1.9583E-17 
  3.7962E-16   5.9807E-16   4.1597E-16   5.0849E-16   4.1291E-16   2.6848E-16   1.8072E-16   1.5171E-16   1.2541E-16   1.1489E-16   1.1427E-16   1.1458E-16   1.1015E-16   9.8526E-17   7.6075E-17   5.2748E-17   3.9101E-17   3.0900E-17   2.2931E-17   1.5130E-17   7.9891E-18   3.1057E-18   4.1012E-19  -8.2377E-19  -1.5427E-18  -2.2835E-18  -3.1311E-18  -4.0170E-18  -4.9142E-18  -5.9501E-18  -7.1987E-18  -8.4094E-18  -9.3895E-18  -1.1176E-17  -1.4877E-17  -1.3689E-17  -4.9378E-18   5.7645E-18   1.2849E-17   1.4955E-17   1.2386E-17   4.1886E-18  -1.4555E-17 
  4.6045E-16   7.2319E-16   5.0849E-16   6.3381E-16   5.2616E-16   3.4967E-16   2.4043E-16   2.0629E-16   1.7303E-16   1.5723E-16   1.5509E-16   1.5441E-16   1.4798E-16   1.3250E-16   1.0268E-16   7.1544E-17   5.3359E-17   4.2505E-17   3.1897E-17   2.1430E-17   1.1731E-17   5.0075E-18   1.2005E-18  -5.7794E-19  -1.5824E-18  -2.5466E-18  -3.6316E-18  -4.7717E-18  -5.9446E-18  -7.3096E-18  -8.9779E-18  -1.0656E-17  -1.2108E-17  -1.4718E-17  -2.0164E-17  -1.9489E-17  -8.3567E-18   6.2733E-18   1.6702E-17   2.0521E-17   1.7632E-17   6.4636E-18  -1.9895E-17 
  3.7051E-16   5.7984E-16   4.1291E-16   5.2616E-16   4.4743E-16   3.0423E-16   2.1371E-16   1.8726E-16   1.5923E-16   1.4363E-16   1.4062E-16   1.3911E-16   1.3299E-16   1.1925E-16   9.2784E-17   6.4987E-17   4.8776E-17   3.9169E-17   2.9724E-17   2.0325E-17   1.1505E-17   5.3036E-18   1.7008E-18  -1.5436E-20  -9.5663E-19  -1.7947E-18  -2.7188E-18  -3.6954E-18  -4.7171E-18  -5.9159E-18  -7.4024E-18  -8.9532E-18  -1.0380E-17  -1.2916E-17  -1.8243E-17  -1.8509E-17  -9.1343E-18   4.1989E-18   1.4401E-17   1.8774E-17   1.6753E-17   6.6313E-18  -1.8157E-17 
  2.3869E-16   3.7216E-16   2.6848E-16   3.4967E-16   3.0423E-16   2.1121E-16   1.5117E-16   1.3484E-16   1.1596E-16   1.0400E-16   1.0120E-16   9.9618E-17   9.5082E-17   8.5415E-17   6.6707E-17   4.6943E-17   3.5433E-17   2.8656E-17   2.1958E-17   1.5241E-17   8.8656E-18   4.3247E-18   1.6268E-18   3.2063E-19  -3.7854E-19  -9.5944E-19  -1.5863E-18  -2.2523E-18  -2.9602E-18  -3.7971E-18  -4.8484E-18  -5.9814E-18  -7.0772E-18  -9.0090E-18  -1.3092E-17  -1.3857E-17  -7.5966E-18   2.0221E-18   9.8418E-18   1.3594E-17   1.2564E-17   5.3138E-18  -1.3146E-17 
  1.5918E-16   2.4727E-16   1.8072E-16   2.4043E-16   2.1371E-16   1.5117E-16   1.0998E-16   9.9585E-17   8.6443E-17   7.7166E-17   7.4735E-17   7.3285E-17   6.9881E-17   6.2899E-17   4.9295E-17   3.4839E-17   2.6429E-17   2.1507E-17   1.6619E-17   1.1684E-17   6.9498E-18   3.5390E-18   1.4728E-18   4.5878E-19  -7.3225E-20  -4.8798E-19  -9.2570E-19  -1.3930E-18  -1.8971E-18  -2.4971E-18  -3.2596E-18  -4.1057E-18  -4.9587E-18  -6.4534E-18  -9.6293E-18  -1.0578E-17  -6.2931E-18   8.0581E-19   6.8865E-18   1.0063E-17   9.6042E-18   4.2998E-18  -9.7415E-18 
  1.3233E-16   2.0473E-16   1.5171E-16   2.0629E-16   1.8726E-16   1.3484E-16   9.9585E-17   9.1397E-17   7.9992E-17   7.1130E-17   6.8613E-17   6.7074E-17   6.3929E-17   5.7664E-17   4.5349E-17   3.2181E-17   2.4529E-17   2.0076E-17   1.5633E-17   1.1119E-17   6.7449E-18   3.5588E-18   1.5937E-18   6.1750E-19   1.1441E-19  -2.5429E-19  -6.3404E-19  -1.0413E-18  -1.4871E-18  -2.0212E-18  -2.7078E-18  -3.4908E-18  -4.3103E-18  -5.7392E-18  -8.7900E-18  -9.9968E-18  -6.3733E-18   1.2036E-19   5.9554E-18   9.2228E-18   9.0744E-18   4.2705E-18  -8.9307E-18 
  1.0866E-16   1.6765E-16   1.2541E-16   1.7303E-16   1.5923E-16   1.1596E-16   8.6443E-17   7.9992E-17   7.0365E-17   6.2437E-17   6.0100E-17   5.8668E-17   5.5936E-17   5.0553E-17   3.9860E-17   2.8370E-17   2.1697E-17   1.7829E-17   1.3958E-17   1.0008E-17   6.1526E-18   3.3215E-18   1.5529E-18   6.6693E-19   2.1578E-19  -1.0008E-19  -4.1881E-19  -7.6164E-19  -1.1407E-18  -1.5969E-18  -2.1880E-18  -2.8755E-18  -3.6135E-18  -4.8968E-18  -7.6471E-18  -8.9166E-18  -5.9573E-18  -3.1079E-19   4.9405E-18   8.0225E-18   8.0842E-18   3.9521E-18  -7.7750E-18 
  9.9926E-17   1.5442E-16   1.1489E-16   1.5723E-16   1.4363E-16   1.0400E-16   7.7166E-17   7.1130E-17   6.2437E-17   5.5494E-17   5.3518E-17   5.2350E-17   4.9996E-17   4.5230E-17   3.5675E-17   2.5395E-17   1.9422E-17   1.5960E-17   1.2496E-17   8.9632E-18   5.5144E-18   2.9801E-18   1.3948E-18   6.0001E-19   1.9524E-19  -8.7415E-20  -3.7155E-19  -6.7672E-19  -1.0133E-18  -1.4178E-18  -1.9410E-18  -2.5485E-18  -3.2001E-18  -4.3340E-18  -6.7659E-18  -7.8929E-18  -5.2945E-18  -3.2524E-19   4.3038E-18   7.0372E-18   7.1297E-18   3.5267E-18  -6.8263E-18 
  9.9772E-17   1.5443E-16   1.1427E-16   1.5509E-16   1.4062E-16   1.0120E-16   7.4735E-17   6.8613E-17   6.0100E-17   5.3518E-17   5.1727E-17   5.0725E-17   4.8553E-17   4.3995E-17   3.4729E-17   2.4736E-17   1.8927E-17   1.5561E-17   1.2194E-17   8.7602E-18   5.4041E-18   2.9329E-18   1.3818E-18   6.0252E-19   2.0614E-19  -6.8031E-20  -3.4150E-19  -6.3479E-19  -9.5767E-19  -1.3453E-18  -1.8460E-18  -2.4279E-18  -3.0537E-18  -4.1435E-18  -6.4845E-18  -7.5977E-18  -5.1580E-18  -4.2892E-19   4.0117E-18   6.6773E-18   6.8476E-18   3.4697E-18  -6.5041E-18 
  1.0037E-16   1.5557E-16   1.1458E-16   1.5441E-16   1.3911E-16   9.9618E-17   7.3285E-17   6.7074E-17   5.8668E-17   5.2350E-17   5.0725E-17   4.9903E-17   4.7927E-17   4.3554E-17   3.4451E-17   2.4581E-17   1.8843E-17   1.5521E-17   1.2198E-17   8.8049E-18   5.4745E-18   3.0087E-18   1.4474E-18   6.5852E-19   2.5947E-19  -8.8840E-21  -2.7159E-19  -5.5306E-19  -8.6320E-19  -1.2355E-18  -1.7169E-18  -2.2807E-18  -2.8947E-18  -3.9642E-18  -6.2700E-18  -7.4573E-18  -5.2271E-18  -7.0401E-19   3.6474E-18   6.3650E-18   6.7098E-18   3.5682E-18  -6.2548E-18 
  9.6640E-17   1.4990E-16   1.1015E-16   1.4798E-16   1.3299E-16   9.5082E-17   6.9881E-17   6.3929E-17   5.5936E-17   4.9996E-17   4.8553E-17   4.7927E-17   4.6225E-17   4.2190E-17   3.3488E-17   2.3973E-17   1.8440E-17   1.5249E-17   1.2049E-17   8.7718E-18   5.5294E-18   3.1054E-18   1.5473E-18   7.5272E-19   3.5498E-19   1.0109E-19  -1.3922E-19  -3.9670E-19  -6.8208E-19  -1.0253E-18  -1.4712E-18  -2.0032E-18  -2.5978E-18  -3.6327E-18  -5.8765E-18  -7.1957E-18  -5.3253E-18  -1.1480E-18   3.0565E-18   5.8503E-18   6.4548E-18   3.6790E-18  -5.8172E-18 
  8.6412E-17   1.3403E-16   9.8526E-17   1.3250E-16   1.1925E-16   8.5415E-17   6.2899E-17   5.7664E-17   5.0553E-17   4.5230E-17   4.3995E-17   4.3554E-17   4.2190E-17   3.8695E-17   3.0842E-17   2.2168E-17   1.7125E-17   1.4230E-17   1.1319E-17   8.3231E-18   5.3298E-18   3.0662E-18   1.5857E-18   8.2265E-19   4.4552E-19   2.1992E-19   1.5651E-20  -2.0338E-19  -4.4865E-19  -7.4470E-19  -1.1324E-18  -1.6075E-18  -2.1568E-18  -3.1111E-18  -5.1939E-18  -6.6037E-18  -5.2016E-18  -1.5698E-18   2.3027E-18   5.0567E-18   5.8983E-18   3.6173E-18  -5.0917E-18 
  6.6621E-17   1.0327E-16   7.6075E-17   1.0268E-16   9.2784E-17   6.6707E-17   4.9295E-17   4.5349E-17   3.9860E-17   3.5675E-17   3.4729E-17   3.4451E-17   3.3488E-17   3.0842E-17   2.4674E-17   1.7800E-17   1.3804E-17   1.1521E-17   9.2174E-18   6.8369E-18   4.4366E-18   2.6030E-18   1.3857E-18   7.5270E-19   4.4334E-19   2.6900E-19   1.1806E-19  -4.3979E-20  -2.2759E-19  -4.5014E-19  -7.4423E-19  -1.1145E-18  -1.5566E-18  -2.3234E-18  -4.0067E-18  -5.2806E-18  -4.3874E-18  -1.6265E-18   1.4837E-18   3.8240E-18   4.6992E-18   3.0604E-18  -3.8949E-18 
  4.6096E-17   7.1401E-17   5.2748E-17   7.1544E-17   6.4987E-17   4.6943E-17   3.4839E-17   3.2181E-17   2.8370E-17   2.5395E-17   2.4736E-17   2.4581E-17   2.3973E-17   2.2168E-17   1.7800E-17   1.2887E-17   1.0032E-17   8.4082E-18   6.7654E-18   5.0595E-18   3.3239E-18   1.9849E-18   1.0833E-18   6.1069E-19   3.8213E-19   2.6084E-19   1.6094E-19   5.3532E-20  -6.9861E-20  -2.2016E-19  -4.2084E-19  -6.8104E-19  -1.0021E-18  -1.5581E-18  -2.7856E-18  -3.8101E-18  -3.3289E-18  -1.4387E-18   8.1591E-19   2.6032E-18   3.3779E-18   2.3263E-18  -2.6834E-18 
  3.4080E-17   5.2734E-17   3.9101E-17   5.3359E-17   4.8776E-17   3.5433E-17   2.6429E-17   2.4529E-17   2.1697E-17   1.9422E-17   1.8927E-17   1.8843E-17   1.8440E-17   1.7125E-17   1.3804E-17   1.0032E-17   7.8408E-18   6.6008E-18   5.3420E-18   4.0284E-18   2.6790E-18   1.6273E-18   9.0892E-19   5.2930E-19   3.4766E-19   2.5733E-19   1.8729E-19   1.1188E-19   2.3710E-20  -8.4335E-20  -2.3044E-19  -4.2649E-19  -6.7723E-19  -1.1107E-18  -2.0737E-18  -2.9557E-18  -2.7173E-18  -1.3353E-18   4.2260E-19   1.8906E-18   2.6096E-18   1.9017E-18  -1.9764E-18 
  2.6838E-17   4.1473E-17   3.0900E-17   4.2505E-17   3.9169E-17   2.8656E-17   2.1507E-17   2.0076E-17   1.7829E-17   1.5960E-17   1.5561E-17   1.5521E-17   1.5249E-17   1.4230E-17   1.1521E-17   8.4082E-18   6.6008E-18   5.5841E-18   4.5479E-18   3.4603E-18   2.3309E-18   1.4407E-18   8.2318E-19   4.9409E-19   3.3843E-19   2.6659E-19   2.1519E-19   1.5973E-19   9.3313E-20   1.1259E-20  -1.0158E-19  -2.5968E-19  -4.7049E-19  -8.3431E-19  -1.6481E-18  -2.4669E-18  -2.3958E-18  -1.3221E-18   1.5333E-19   1.4556E-18   2.1671E-18   1.6785E-18  -1.5489E-18 
  1.9818E-17   3.0566E-17   2.2931E-17   3.1897E-17   2.9724E-17   2.1958E-17   1.6619E-17   1.5633E-17   1.3958E-17   1.2496E-17   1.2194E-17   1.2198E-17   1.2049E-17   1.1319E-17   9.2174E-18   6.7654E-18   5.3420E-18   4.5479E-18   3.7341E-18   2.8733E-18   1.9663E-18   1.2408E-18   7.2759E-19   4.5120E-19   3.2232E-19   2.6867E-19   2.3515E-19   1.9887E-19   1.5352E-19   9.6739E-20   1.6445E-20  -1.0381E-19  -2.7375E-19  -5.6644E-19  -1.2273E-18  -1.9704E-18  -2.0523E-18  -1.2818E-18  -9.5276E-20   1.0281E-18   1.7181E-18   1.4405E-18  -1.1264E-18 
  1.2971E-17   1.9942E-17   1.5130E-17   2.1430E-17   2.0325E-17   1.5241E-17   1.1684E-17   1.1119E-17   1.0008E-17   8.9632E-18   8.7602E-18   8.8049E-18   8.7718E-18   8.3231E-18   6.8369E-18   5.0595E-18   4.0284E-18   3.4603E-18   2.8733E-18   2.2450E-18   1.5688E-18   1.0162E-18   6.1473E-19   3.9550E-19   2.9520E-19   2.5964E-19   2.4316E-19   2.2521E-19   2.0027E-19   1.6809E-19   1.1980E-19   3.7877E-20  -8.9066E-20  -3.0712E-19  -8.0636E-19  -1.4534E-18  -1.6684E-18  -1.1981E-18  -3.1492E-19   6.0610E-19   1.2518E-18   1.1747E-18  -7.0561E-19 
  6.7338E-18   1.0285E-17   7.9891E-18   1.1731E-17   1.1505E-17   8.8656E-18   6.9498E-18   6.7449E-18   6.1526E-18   5.5144E-18   5.4041E-18   5.4745E-18   5.5294E-18   5.3298E-18   4.4366E-18   3.3239E-18   2.6790E-18   2.3309E-18   1.9663E-18   1.5688E-18   1.1265E-18   7.5389E-19   4.7289E-19   3.1666E-19   2.4700E-19   2.2818E-19   2.2590E-19   2.2329E-19   2.1594E-19   2.0520E-19   1.8543E-19   1.3996E-19   5.7209E-20  -8.4476E-20  -4.1602E-19  -9.3090E-19  -1.2262E-18  -1.0256E-18  -4.5272E-19   2.3092E-19   7.8447E-19   8.6698E-19  -3.2198E-19 
  2.4938E-18   3.7333E-18   3.1057E-18   5.0075E-18   5.3036E-18   4.3247E-18   3.5390E-18   3.5588E-18   3.3215E-18   2.9801E-18   2.9329E-18   3.0087E-18   3.1054E-18   3.0662E-18   2.6030E-18   1.9849E-18   1.6273E-18   1.4407E-18   1.2408E-18   1.0162E-18   7.5389E-19   5.2326E-19   3.4092E-19   2.3736E-19   1.9265E-19   1.8538E-19   1.9145E-19   1.9792E-19   2.0151E-19   2.0431E-19   2.0317E-19   1.8366E-19   1.3532E-19   5.2811E-20  -1.4688E-19  -5.3137E-19  -8.4263E-19  -8.1978E-19  -4.8696E-19  -1.2337E-20   4.3055E-19   5.9834E-19  -6.3767E-20 
  1.7967E-19   1.7301E-19   4.1012E-19   1.2005E-18   1.7008E-18   1.6268E-18   1.4728E-18   1.5937E-18   1.5529E-18   1.3948E-18   1.3818E-18   1.4474E-18   1.5473E-18   1.5857E-18   1.3857E-18   1.0833E-18   9.0892E-19   8.2318E-19   7.2759E-19   6.1473E-19   4.7289E-19   3.4092E-19   2.3048E-19   1.6624E-19   1.3956E-19   1.3873E-19   1.4786E-19   1.5773E-19   1.6605E-19   1.7498E-19   1.8296E-19   1.7870E-19   1.5364E-19   1.1095E-19   1.9030E-21  -2.6740E-19  -5.4390E-19  -6.0983E-19  -4.3807E-19  -1.2876E-19   2.0069E-19   3.8743E-19   7.1007E-20 
 -8.6981E-19  -1.4358E-18  -8.2377E-19  -5.7794E-19  -1.5436E-20   3.2063E-19   4.5878E-19   6.1750E-19   6.6693E-19   6.0001E-19   6.0252E-19   6.5852E-19   7.5272E-19   8.2265E-19   7.5270E-19   6.1069E-19   5.2930E-19   4.9409E-19   4.5120E-19   3.9550E-19   3.1666E-19   2.3736E-19   1.6624E-19   1.2379E-19   1.0696E-19   1.0918E-19   1.1925E-19   1.3025E-19   1.4046E-19   1.5197E-19   1.6407E-19   1.6750E-19   1.5506E-19   1.3378E-19   7.3739E-20  -1.2755E-19  -3.7515E-19  -4.8187E-19  -3.9647E-19  -1.8132E-19   7.8835E-20   2.6774E-19   1.3569E-19 
 -1.4902E-18  -2.3923E-18  -1.5427E-18  -1.5824E-18  -9.5663E-19  -3.7854E-19  -7.3225E-20   1.1441E-19   2.1578E-19   1.9524E-19   2.0614E-19   2.5947E-19   3.5498E-19   4.4552E-19   4.4334E-19   3.8213E-19   3.4766E-19   3.3843E-19   3.2232E-19   2.9520E-19   2.4700E-19   1.9265E-19   1.3956E-19   1.0696E-19   9.4756E-20   9.8890E-20   1.1022E-19   1.2269E-19   1.3484E-19   1.4887E-19   1.6454E-19   1.7316E-19   1.6778E-19   1.5833E-19   1.2416E-19  -5.0935E-20  -3.0096E-19  -4.4263E-19  -4.0491E-19  -2.3123E-19   7.4324E-21   2.1479E-19   1.9024E-19 
 -2.1489E-18  -3.4195E-18  -2.2835E-18  -2.5466E-18  -1.7947E-18  -9.5944E-19  -4.8798E-19  -2.5429E-19  -1.0008E-19  -8.7415E-20  -6.8031E-20  -8.8840E-21   1.0109E-19   2.1992E-19   2.6900E-19   2.6084E-19   2.5733E-19   2.6659E-19   2.6867E-19   2.5964E-19   2.2818E-19   1.8538E-19   1.3873E-19   1.0918E-19   9.8890E-20   1.0523E-19   1.1935E-19   1.3505E-19   1.5088E-19   1.6948E-19   1.9100E-19   2.0591E-19   2.0632E-19   2.0636E-19   1.9038E-19   1.0294E-20  -2.8412E-19  -4.8263E-19  -4.8348E-19  -3.1916E-19  -5.9301E-20   2.0232E-19   2.7648E-19 
 -2.9076E-18  -4.6052E-18  -3.1311E-18  -3.6316E-18  -2.7188E-18  -1.5863E-18  -9.2570E-19  -6.3404E-19  -4.1881E-19  -3.7155E-19  -3.4150E-19  -2.7159E-19  -1.3922E-19   1.5651E-20   1.1806E-19   1.6094E-19   1.8729E-19   2.1519E-19   2.3515E-19   2.4316E-19   2.2590E-19   1.9145E-19   1.4786E-19   1.1925E-19   1.1022E-19   1.1935E-19   1.3753E-19   1.5799E-19   1.7918E-19   2.0448E-19   2.3452E-19   2.5819E-19   2.6596E-19   2.7787E-19   2.8335E-19   8.5342E-20  -2.8381E-19  -5.6688E-19  -6.1648E-19  -4.5282E-19  -1.4782E-19   2.0162E-19   4.0578E-19 
 -3.6987E-18  -5.8407E-18  -4.0170E-18  -4.7717E-18  -3.6954E-18  -2.2523E-18  -1.3930E-18  -1.0413E-18  -7.6164E-19  -6.7672E-19  -6.3479E-19  -5.5306E-19  -3.9670E-19  -2.0338E-19  -4.3979E-20   5.3532E-20   1.1188E-19   1.5973E-19   1.9887E-19   2.2521E-19   2.2329E-19   1.9792E-19   1.5773E-19   1.3025E-19   1.2269E-19   1.3505E-19   1.5799E-19   1.8412E-19   2.1189E-19   2.4553E-19   2.8641E-19   3.2161E-19   3.3965E-19   3.6811E-19   4.0385E-19   1.8758E-19  -2.7500E-19  -6.6949E-19  -7.8836E-19  -6.3269E-19  -2.7423E-19   1.9097E-19   5.8509E-19 
