# SYSTEMATIC ERROR COVARIANCE MATRIX IN (MOL CM^-2)^2
# nmatr  = 7
# nrows  = 43
# ncols  = 43

smoothing
  2.1595E+27   6.8036E+27   7.2631E+27   1.1751E+28   1.1884E+28   1.0789E+28   9.2773E+27   6.9225E+27   5.4076E+27   3.8343E+27   5.0370E+26  -4.8971E+27  -1.1359E+28  -1.5523E+28  -1.2225E+28  -5.8957E+27  -3.0801E+27  -2.4635E+27  -1.6579E+27  -5.6150E+26   1.0976E+27   2.7457E+27   4.1052E+27   4.8953E+27   5.4586E+27   6.0768E+27   6.8480E+27   7.8136E+27   9.0201E+27   1.0402E+28   1.1752E+28   1.3087E+28   1.4346E+28   9.9179E+27  -2.6746E+28  -9.0662E+28  -1.2121E+29  -8.2368E+28   3.9093E+27   1.0125E+29   1.7173E+29   1.6653E+29  -2.1761E+29 
  6.8036E+27   2.1434E+28   2.2882E+28   3.7022E+28   3.7441E+28   3.3989E+28   2.9228E+28   2.1809E+28   1.7037E+28   1.2080E+28   1.5869E+27  -1.5428E+28  -3.5785E+28  -4.8905E+28  -3.8514E+28  -1.8574E+28  -9.7036E+27  -7.7613E+27  -5.2230E+27  -1.7690E+27   3.4581E+27   8.6501E+27   1.2933E+28   1.5423E+28   1.7197E+28   1.9145E+28   2.1574E+28   2.4616E+28   2.8417E+28   3.2771E+28   3.7025E+28   4.1231E+28   4.5197E+28   3.1246E+28  -8.4263E+28  -2.8563E+29  -3.8187E+29  -2.5950E+29   1.2316E+28   3.1898E+29   5.4103E+29   5.2466E+29  -6.8557E+29 
  7.2631E+27   2.2882E+28   2.4428E+28   3.9523E+28   3.9970E+28   3.6285E+28   3.1202E+28   2.3282E+28   1.8187E+28   1.2896E+28   1.6941E+27  -1.6470E+28  -3.8202E+28  -5.2208E+28  -4.1115E+28  -1.9829E+28  -1.0359E+28  -8.2855E+27  -5.5758E+27  -1.8885E+27   3.6917E+27   9.2344E+27   1.3807E+28   1.6464E+28   1.8359E+28   2.0438E+28   2.3032E+28   2.6279E+28   3.0337E+28   3.4984E+28   3.9526E+28   4.4016E+28   4.8250E+28   3.3356E+28  -8.9954E+28  -3.0492E+29  -4.0766E+29  -2.7702E+29   1.3148E+28   3.4053E+29   5.7758E+29   5.6010E+29  -7.3188E+29 
  1.1751E+28   3.7022E+28   3.9523E+28   6.3946E+28   6.4670E+28   5.8707E+28   5.0483E+28   3.7669E+28   2.9426E+28   2.0864E+28   2.7409E+27  -2.6648E+28  -6.1808E+28  -8.4470E+28  -6.6522E+28  -3.2082E+28  -1.6760E+28  -1.3405E+28  -9.0214E+27  -3.0554E+27   5.9729E+27   1.4941E+28   2.2339E+28   2.6638E+28   2.9704E+28   3.3067E+28   3.7264E+28   4.2518E+28   4.9083E+28   5.6602E+28   6.3951E+28   7.1215E+28   7.8066E+28   5.3969E+28  -1.4554E+29  -4.9334E+29  -6.5957E+29  -4.4821E+29   2.1273E+28   5.5095E+29   9.3449E+29   9.0620E+29  -1.1841E+30 
  1.1884E+28   3.7441E+28   3.9970E+28   6.4670E+28   6.5402E+28   5.9372E+28   5.1055E+28   3.8096E+28   2.9759E+28   2.1101E+28   2.7720E+27  -2.6950E+28  -6.2508E+28  -8.5427E+28  -6.7276E+28  -3.2445E+28  -1.6950E+28  -1.3557E+28  -9.1236E+27  -3.0900E+27   6.0406E+27   1.5110E+28   2.2592E+28   2.6940E+28   3.0040E+28   3.3442E+28   3.7686E+28   4.3000E+28   4.9639E+28   5.7243E+28   6.4676E+28   7.2022E+28   7.8950E+28   5.4580E+28  -1.4719E+29  -4.9893E+29  -6.6704E+29  -4.5329E+29   2.1514E+28   5.5719E+29   9.4507E+29   9.1647E+29  -1.1975E+30 
  1.0789E+28   3.3989E+28   3.6285E+28   5.8707E+28   5.9372E+28   5.3897E+28   4.6347E+28   3.4583E+28   2.7015E+28   1.9155E+28   2.5164E+27  -2.4465E+28  -5.6744E+28  -7.7550E+28  -6.1072E+28  -2.9453E+28  -1.5387E+28  -1.2307E+28  -8.2823E+27  -2.8051E+27   5.4836E+27   1.3717E+28   2.0508E+28   2.4456E+28   2.7270E+28   3.0358E+28   3.4211E+28   3.9035E+28   4.5062E+28   5.1965E+28   5.8712E+28   6.5381E+28   7.1670E+28   4.9547E+28  -1.3362E+29  -4.5293E+29  -6.0553E+29  -4.1149E+29   1.9530E+28   5.0582E+29   8.5793E+29   8.3196E+29  -1.0871E+30 
  9.2773E+27   2.9228E+28   3.1202E+28   5.0483E+28   5.1055E+28   4.6347E+28   3.9854E+28   2.9738E+28   2.3231E+28   1.6472E+28   2.1639E+27  -2.1038E+28  -4.8795E+28  -6.6686E+28  -5.2517E+28  -2.5327E+28  -1.3232E+28  -1.0583E+28  -7.1221E+27  -2.4121E+27   4.7154E+27   1.1795E+28   1.7636E+28   2.1030E+28   2.3450E+28   2.6105E+28   2.9418E+28   3.3566E+28   3.8749E+28   4.4686E+28   5.0487E+28   5.6222E+28   6.1630E+28   4.2606E+28  -1.1490E+29  -3.8948E+29  -5.2071E+29  -3.5385E+29   1.6794E+28   4.3496E+29   7.3774E+29   7.1541E+29  -9.3483E+29 
  6.9225E+27   2.1809E+28   2.3282E+28   3.7669E+28   3.8096E+28   3.4583E+28   2.9738E+28   2.2190E+28   1.7334E+28   1.2291E+28   1.6146E+27  -1.5698E+28  -3.6410E+28  -4.9759E+28  -3.9187E+28  -1.8899E+28  -9.8732E+27  -7.8969E+27  -5.3143E+27  -1.7999E+27   3.5185E+27   8.8013E+27   1.3159E+28   1.5692E+28   1.7498E+28   1.9479E+28   2.1951E+28   2.5046E+28   2.8914E+28   3.3343E+28   3.7672E+28   4.1951E+28   4.5987E+28   3.1792E+28  -8.5735E+28  -2.9062E+29  -3.8854E+29  -2.6403E+29   1.2531E+28   3.2456E+29   5.5049E+29   5.3383E+29  -6.9755E+29 
  5.4076E+27   1.7037E+28   1.8187E+28   2.9426E+28   2.9759E+28   2.7015E+28   2.3231E+28   1.7334E+28   1.3541E+28   9.6012E+27   1.2613E+27  -1.2263E+28  -2.8442E+28  -3.8871E+28  -3.0612E+28  -1.4763E+28  -7.7127E+27  -6.1689E+27  -4.1514E+27  -1.4060E+27   2.7486E+27   6.8753E+27   1.0280E+28   1.2258E+28   1.3669E+28   1.5217E+28   1.7148E+28   1.9566E+28   2.2587E+28   2.6047E+28   2.9429E+28   3.2771E+28   3.5924E+28   2.4835E+28  -6.6974E+28  -2.2702E+29  -3.0352E+29  -2.0625E+29   9.7892E+27   2.5353E+29   4.3003E+29   4.1701E+29  -5.4491E+29 
  3.8343E+27   1.2080E+28   1.2896E+28   2.0864E+28   2.1101E+28   1.9155E+28   1.6472E+28   1.2291E+28   9.6012E+27   6.8077E+27   8.9432E+26  -8.6948E+27  -2.0167E+28  -2.7561E+28  -2.1705E+28  -1.0468E+28  -5.4686E+27  -4.3740E+27  -2.9435E+27  -9.9693E+26   1.9489E+27   4.8749E+27   7.2887E+27   8.6916E+27   9.6918E+27   1.0789E+28   1.2159E+28   1.3873E+28   1.6015E+28   1.8468E+28   2.0866E+28   2.3236E+28   2.5472E+28   1.7609E+28  -4.7488E+28  -1.6097E+29  -2.1521E+29  -1.4624E+29   6.9410E+27   1.7977E+29   3.0491E+29   2.9568E+29  -3.8636E+29 
  5.0370E+26   1.5869E+27   1.6941E+27   2.7409E+27   2.7720E+27   2.5164E+27   2.1639E+27   1.6146E+27   1.2613E+27   8.9432E+26   1.1749E+26  -1.1422E+27  -2.6493E+27  -3.6207E+27  -2.8514E+27  -1.3751E+27  -7.1841E+26  -5.7461E+26  -3.8669E+26  -1.3097E+26   2.5602E+26   6.4041E+26   9.5751E+26   1.1418E+27   1.2732E+27   1.4174E+27   1.5973E+27   1.8225E+27   2.1039E+27   2.4262E+27   2.7412E+27   3.0525E+27   3.3462E+27   2.3133E+27  -6.2384E+27  -2.1146E+28  -2.8272E+28  -1.9212E+28   9.1183E+26   2.3616E+28   4.0055E+28   3.8843E+28  -5.0756E+28 
 -4.8971E+27  -1.5428E+28  -1.6470E+28  -2.6648E+28  -2.6950E+28  -2.4465E+28  -2.1038E+28  -1.5698E+28  -1.2263E+28  -8.6948E+27  -1.1422E+27   1.1105E+28   2.5757E+28   3.5201E+28   2.7722E+28   1.3369E+28   6.9845E+27   5.5865E+27   3.7595E+27   1.2733E+27  -2.4891E+27  -6.2262E+27  -9.3091E+27  -1.1101E+28  -1.2378E+28  -1.3780E+28  -1.5529E+28  -1.7718E+28  -2.0454E+28  -2.3588E+28  -2.6650E+28  -2.9677E+28  -3.2532E+28  -2.2490E+28   6.0651E+28   2.0559E+29   2.7486E+29   1.8678E+29  -8.8651E+27  -2.2960E+29  -3.8943E+29  -3.7764E+29   4.9346E+29 
 -1.1359E+28  -3.5785E+28  -3.8202E+28  -6.1808E+28  -6.2508E+28  -5.6744E+28  -4.8795E+28  -3.6410E+28  -2.8442E+28  -2.0167E+28  -2.6493E+27   2.5757E+28   5.9742E+28   8.1646E+28   6.4299E+28   3.1009E+28   1.6200E+28   1.2957E+28   8.7198E+27   2.9533E+27  -5.7733E+27  -1.4441E+28  -2.1592E+28  -2.5748E+28  -2.8711E+28  -3.1962E+28  -3.6018E+28  -4.1097E+28  -4.7443E+28  -5.4710E+28  -6.1814E+28  -6.8835E+28  -7.5456E+28  -5.2165E+28   1.4068E+29   4.7685E+29   6.3752E+29   4.3323E+29  -2.0562E+28  -5.3254E+29  -9.0325E+29  -8.7591E+29   1.1446E+30 
 -1.5523E+28  -4.8905E+28  -5.2208E+28  -8.4470E+28  -8.5427E+28  -7.7550E+28  -6.6686E+28  -4.9759E+28  -3.8871E+28  -2.7561E+28  -3.6207E+27   3.5201E+28   8.1646E+28   1.1158E+29   8.7873E+28   4.2379E+28   2.2140E+28   1.7708E+28   1.1917E+28   4.0361E+27  -7.8900E+27  -1.9736E+28  -2.9508E+28  -3.5188E+28  -3.9237E+28  -4.3681E+28  -4.9224E+28  -5.6165E+28  -6.4837E+28  -7.4770E+28  -8.4477E+28  -9.4072E+28  -1.0312E+29  -7.1291E+28   1.9225E+29   6.5169E+29   8.7127E+29   5.9207E+29  -2.8101E+28  -7.2779E+29  -1.2344E+30  -1.1971E+30   1.5642E+30 
 -1.2225E+28  -3.8514E+28  -4.1115E+28  -6.6522E+28  -6.7276E+28  -6.1072E+28  -5.2517E+28  -3.9187E+28  -3.0612E+28  -2.1705E+28  -2.8514E+27   2.7722E+28   6.4299E+28   8.7873E+28   6.9202E+28   3.3374E+28   1.7436E+28   1.3946E+28   9.3849E+27   3.1785E+27  -6.2136E+27  -1.5543E+28  -2.3239E+28  -2.7712E+28  -3.0900E+28  -3.4399E+28  -3.8765E+28  -4.4231E+28  -5.1061E+28  -5.8883E+28  -6.6528E+28  -7.4084E+28  -8.1211E+28  -5.6143E+28   1.5141E+29   5.1322E+29   6.8614E+29   4.6627E+29  -2.2130E+28  -5.7315E+29  -9.7214E+29  -9.4271E+29   1.2318E+30 
 -5.8957E+27  -1.8574E+28  -1.9829E+28  -3.2082E+28  -3.2445E+28  -2.9453E+28  -2.5327E+28  -1.8899E+28  -1.4763E+28  -1.0468E+28  -1.3751E+27   1.3369E+28   3.1009E+28   4.2379E+28   3.3374E+28   1.6096E+28   8.4088E+27   6.7256E+27   4.5261E+27   1.5329E+27  -2.9966E+27  -7.4958E+27  -1.1207E+28  -1.3365E+28  -1.4902E+28  -1.6590E+28  -1.8695E+28  -2.1331E+28  -2.4625E+28  -2.8398E+28  -3.2085E+28  -3.5729E+28  -3.9166E+28  -2.7076E+28   7.3018E+28   2.4751E+29   3.3091E+29   2.2487E+29  -1.0673E+28  -2.7642E+29  -4.6883E+29  -4.5465E+29   5.9408E+29 
 -3.0801E+27  -9.7036E+27  -1.0359E+28  -1.6760E+28  -1.6950E+28  -1.5387E+28  -1.3232E+28  -9.8732E+27  -7.7127E+27  -5.4686E+27  -7.1841E+26   6.9845E+27   1.6200E+28   2.2140E+28   1.7436E+28   8.4088E+27   4.3930E+27   3.5136E+27   2.3645E+27   8.0084E+26  -1.5655E+27  -3.9160E+27  -5.8550E+27  -6.9820E+27  -7.7854E+27  -8.6670E+27  -9.7670E+27  -1.1144E+28  -1.2865E+28  -1.4836E+28  -1.6762E+28  -1.8666E+28  -2.0461E+28  -1.4145E+28   3.8147E+28   1.2931E+29   1.7288E+29   1.1748E+29  -5.5757E+27  -1.4441E+29  -2.4493E+29  -2.3752E+29   3.1037E+29 
 -2.4635E+27  -7.7613E+27  -8.2855E+27  -1.3405E+28  -1.3557E+28  -1.2307E+28  -1.0583E+28  -7.8969E+27  -6.1689E+27  -4.3740E+27  -5.7461E+26   5.5865E+27   1.2957E+28   1.7708E+28   1.3946E+28   6.7256E+27   3.5136E+27   2.8103E+27   1.8912E+27   6.4053E+26  -1.2522E+27  -3.1322E+27  -4.6830E+27  -5.5844E+27  -6.2270E+27  -6.9322E+27  -7.8119E+27  -8.9134E+27  -1.0290E+28  -1.1866E+28  -1.3407E+28  -1.4929E+28  -1.6366E+28  -1.1314E+28   3.0511E+28   1.0342E+29   1.3827E+29   9.3962E+28  -4.4596E+27  -1.1550E+29  -1.9590E+29  -1.8998E+29   2.4824E+29 
 -1.6579E+27  -5.2230E+27  -5.5758E+27  -9.0214E+27  -9.1236E+27  -8.2823E+27  -7.1221E+27  -5.3143E+27  -4.1514E+27  -2.9435E+27  -3.8669E+26   3.7595E+27   8.7198E+27   1.1917E+28   9.3849E+27   4.5261E+27   2.3645E+27   1.8912E+27   1.2727E+27   4.3105E+26  -8.4265E+26  -2.1078E+27  -3.1515E+27  -3.7581E+27  -4.1905E+27  -4.6651E+27  -5.2571E+27  -5.9984E+27  -6.9246E+27  -7.9854E+27  -9.0222E+27  -1.0047E+28  -1.1013E+28  -7.6138E+27   2.0533E+28   6.9600E+28   9.3051E+28   6.3233E+28  -3.0012E+27  -7.7728E+28  -1.3184E+29  -1.2785E+29   1.6706E+29 
 -5.6150E+26  -1.7690E+27  -1.8885E+27  -3.0554E+27  -3.0900E+27  -2.8051E+27  -2.4121E+27  -1.7999E+27  -1.4060E+27  -9.9693E+26  -1.3097E+26   1.2733E+27   2.9533E+27   4.0361E+27   3.1785E+27   1.5329E+27   8.0084E+26   6.4053E+26   4.3105E+26   1.4599E+26  -2.8539E+26  -7.1389E+26  -1.0674E+27  -1.2728E+27  -1.4193E+27  -1.5800E+27  -1.7805E+27  -2.0316E+27  -2.3453E+27  -2.7045E+27  -3.0557E+27  -3.4028E+27  -3.7301E+27  -2.5787E+27   6.9542E+27   2.3573E+28   3.1515E+28   2.1416E+28  -1.0165E+27  -2.6325E+28  -4.4651E+28  -4.3300E+28   5.6580E+28 
  1.0976E+27   3.4581E+27   3.6917E+27   5.9729E+27   6.0406E+27   5.4836E+27   4.7154E+27   3.5185E+27   2.7486E+27   1.9489E+27   2.5602E+26  -2.4891E+27  -5.7733E+27  -7.8900E+27  -6.2136E+27  -2.9966E+27  -1.5655E+27  -1.2522E+27  -8.4265E+26  -2.8539E+26   5.5791E+26   1.3956E+27   2.0866E+27   2.4882E+27   2.7745E+27   3.0887E+27   3.4807E+27   3.9714E+27   4.5847E+27   5.2870E+27   5.9734E+27   6.6519E+27   7.2918E+27   5.0410E+27  -1.3594E+28  -4.6081E+28  -6.1608E+28  -4.1866E+28   1.9870E+27   5.1462E+28   8.7287E+28   8.4645E+28  -1.1061E+29 
  2.7457E+27   8.6501E+27   9.2344E+27   1.4941E+28   1.5110E+28   1.3717E+28   1.1795E+28   8.8013E+27   6.8753E+27   4.8749E+27   6.4041E+26  -6.2262E+27  -1.4441E+28  -1.9736E+28  -1.5543E+28  -7.4958E+27  -3.9160E+27  -3.1322E+27  -2.1078E+27  -7.1389E+26   1.3956E+27   3.4909E+27   5.2193E+27   6.2240E+27   6.9402E+27   7.7261E+27   8.7066E+27   9.9342E+27   1.1468E+28   1.3225E+28   1.4942E+28   1.6639E+28   1.8240E+28   1.2610E+28  -3.4005E+28  -1.1527E+29  -1.5411E+29  -1.0472E+29   4.9704E+27   1.2873E+29   2.1834E+29   2.1173E+29  -2.7667E+29 
  4.1052E+27   1.2933E+28   1.3807E+28   2.2339E+28   2.2592E+28   2.0508E+28   1.7636E+28   1.3159E+28   1.0280E+28   7.2887E+27   9.5751E+26  -9.3091E+27  -2.1592E+28  -2.9508E+28  -2.3239E+28  -1.1207E+28  -5.8550E+27  -4.6830E+27  -3.1515E+27  -1.0674E+27   2.0866E+27   5.2193E+27   7.8037E+27   9.3057E+27   1.0377E+28   1.1552E+28   1.3018E+28   1.4853E+28   1.7147E+28   1.9773E+28   2.2341E+28   2.4878E+28   2.7271E+28   1.8853E+28  -5.0843E+28  -1.7234E+29  -2.3041E+29  -1.5658E+29   7.4314E+27   1.9247E+29   3.2645E+29   3.1657E+29  -4.1366E+29 
  4.8953E+27   1.5423E+28   1.6464E+28   2.6638E+28   2.6940E+28   2.4456E+28   2.1030E+28   1.5692E+28   1.2258E+28   8.6916E+27   1.1418E+27  -1.1101E+28  -2.5748E+28  -3.5188E+28  -2.7712E+28  -1.3365E+28  -6.9820E+27  -5.5844E+27  -3.7581E+27  -1.2728E+27   2.4882E+27   6.2240E+27   9.3057E+27   1.1097E+28   1.2374E+28   1.3775E+28   1.5523E+28   1.7712E+28   2.0447E+28   2.3579E+28   2.6641E+28   2.9667E+28   3.2520E+28   2.2482E+28  -6.0629E+28  -2.0552E+29  -2.7476E+29  -1.8671E+29   8.8618E+27   2.2951E+29   3.8929E+29   3.7750E+29  -4.9328E+29 
  5.4586E+27   1.7197E+28   1.8359E+28   2.9704E+28   3.0040E+28   2.7270E+28   2.3450E+28   1.7498E+28   1.3669E+28   9.6918E+27   1.2732E+27  -1.2378E+28  -2.8711E+28  -3.9237E+28  -3.0900E+28  -1.4902E+28  -7.7854E+27  -6.2270E+27  -4.1905E+27  -1.4193E+27   2.7745E+27   6.9402E+27   1.0377E+28   1.2374E+28   1.3798E+28   1.5360E+28   1.7310E+28   1.9750E+28   2.2800E+28   2.6292E+28   2.9706E+28   3.3080E+28   3.6262E+28   2.5069E+28  -6.7606E+28  -2.2916E+29  -3.0638E+29  -2.0820E+29   9.8815E+27   2.5592E+29   4.3408E+29   4.2094E+29  -5.5004E+29 
  6.0768E+27   1.9145E+28   2.0438E+28   3.3067E+28   3.3442E+28   3.0358E+28   2.6105E+28   1.9479E+28   1.5217E+28   1.0789E+28   1.4174E+27  -1.3780E+28  -3.1962E+28  -4.3681E+28  -3.4399E+28  -1.6590E+28  -8.6670E+27  -6.9322E+27  -4.6651E+27  -1.5800E+27   3.0887E+27   7.7261E+27   1.1552E+28   1.3775E+28   1.5360E+28   1.7099E+28   1.9270E+28   2.1987E+28   2.5382E+28   2.9270E+28   3.3070E+28   3.6826E+28   4.0369E+28   2.7908E+28  -7.5261E+28  -2.5511E+29  -3.4107E+29  -2.3178E+29   1.1001E+28   2.8491E+29   4.8324E+29   4.6861E+29  -6.1233E+29 
  6.8480E+27   2.1574E+28   2.3032E+28   3.7264E+28   3.7686E+28   3.4211E+28   2.9418E+28   2.1951E+28   1.7148E+28   1.2159E+28   1.5973E+27  -1.5529E+28  -3.6018E+28  -4.9224E+28  -3.8765E+28  -1.8695E+28  -9.7670E+27  -7.8119E+27  -5.2571E+27  -1.7805E+27   3.4807E+27   8.7066E+27   1.3018E+28   1.5523E+28   1.7310E+28   1.9270E+28   2.1715E+28   2.4777E+28   2.8603E+28   3.2985E+28   3.7267E+28   4.1500E+28   4.5492E+28   3.1450E+28  -8.4813E+28  -2.8749E+29  -3.8436E+29  -2.6119E+29   1.2397E+28   3.2106E+29   5.4456E+29   5.2808E+29  -6.9004E+29 
  7.8136E+27   2.4616E+28   2.6279E+28   4.2518E+28   4.3000E+28   3.9035E+28   3.3566E+28   2.5046E+28   1.9566E+28   1.3873E+28   1.8225E+27  -1.7718E+28  -4.1097E+28  -5.6165E+28  -4.4231E+28  -2.1331E+28  -1.1144E+28  -8.9134E+27  -5.9984E+27  -2.0316E+27   3.9714E+27   9.9342E+27   1.4853E+28   1.7712E+28   1.9750E+28   2.1987E+28   2.4777E+28   2.8271E+28   3.2636E+28   3.7635E+28   4.2522E+28   4.7351E+28   5.1907E+28   3.5884E+28  -9.6771E+28  -3.2803E+29  -4.3855E+29  -2.9802E+29   1.4145E+28   3.6633E+29   6.2135E+29   6.0254E+29  -7.8734E+29 
  9.0201E+27   2.8417E+28   3.0337E+28   4.9083E+28   4.9639E+28   4.5062E+28   3.8749E+28   2.8914E+28   2.2587E+28   1.6015E+28   2.1039E+27  -2.0454E+28  -4.7443E+28  -6.4837E+28  -5.1061E+28  -2.4625E+28  -1.2865E+28  -1.0290E+28  -6.9246E+27  -2.3453E+27   4.5847E+27   1.1468E+28   1.7147E+28   2.0447E+28   2.2800E+28   2.5382E+28   2.8603E+28   3.2636E+28   3.7675E+28   4.3447E+28   4.9087E+28   5.4663E+28   5.9921E+28   4.1425E+28  -1.1171E+29  -3.7868E+29  -5.0627E+29  -3.4404E+29   1.6329E+28   4.2290E+29   7.1729E+29   6.9558E+29  -9.0891E+29 
  1.0402E+28   3.2771E+28   3.4984E+28   5.6602E+28   5.7243E+28   5.1965E+28   4.4686E+28   3.3343E+28   2.6047E+28   1.8468E+28   2.4262E+27  -2.3588E+28  -5.4710E+28  -7.4770E+28  -5.8883E+28  -2.8398E+28  -1.4836E+28  -1.1866E+28  -7.9854E+27  -2.7045E+27   5.2870E+27   1.3225E+28   1.9773E+28   2.3579E+28   2.6292E+28   2.9270E+28   3.2985E+28   3.7635E+28   4.3447E+28   5.0102E+28   5.6607E+28   6.3037E+28   6.9101E+28   4.7771E+28  -1.2883E+29  -4.3669E+29  -5.8383E+29  -3.9674E+29   1.8830E+28   4.8768E+29   8.2717E+29   8.0214E+29  -1.0482E+30 
  1.1752E+28   3.7025E+28   3.9526E+28   6.3951E+28   6.4676E+28   5.8712E+28   5.0487E+28   3.7672E+28   2.9429E+28   2.0866E+28   2.7412E+27  -2.6650E+28  -6.1814E+28  -8.4477E+28  -6.6528E+28  -3.2085E+28  -1.6762E+28  -1.3407E+28  -9.0222E+27  -3.0557E+27   5.9734E+27   1.4942E+28   2.2341E+28   2.6641E+28   2.9706E+28   3.3070E+28   3.7267E+28   4.2522E+28   4.9087E+28   5.6607E+28   6.3957E+28   7.1221E+28   7.8072E+28   5.3973E+28  -1.4555E+29  -4.9339E+29  -6.5963E+29  -4.4825E+29   2.1275E+28   5.5100E+29   9.3457E+29   9.0628E+29  -1.1842E+30 
  1.3087E+28   4.1231E+28   4.4016E+28   7.1215E+28   7.2022E+28   6.5381E+28   5.6222E+28   4.1951E+28   3.2771E+28   2.3236E+28   3.0525E+27  -2.9677E+28  -6.8835E+28  -9.4072E+28  -7.4084E+28  -3.5729E+28  -1.8666E+28  -1.4929E+28  -1.0047E+28  -3.4028E+27   6.6519E+27   1.6639E+28   2.4878E+28   2.9667E+28   3.3080E+28   3.6826E+28   4.1500E+28   4.7351E+28   5.4663E+28   6.3037E+28   7.1221E+28   7.9311E+28   8.6940E+28   6.0104E+28  -1.6209E+29  -5.4943E+29  -7.3455E+29  -4.9916E+29   2.3691E+28   6.1359E+29   1.0407E+30   1.0092E+30  -1.3187E+30 
  1.4346E+28   4.5197E+28   4.8250E+28   7.8066E+28   7.8950E+28   7.1670E+28   6.1630E+28   4.5987E+28   3.5924E+28   2.5472E+28   3.3462E+27  -3.2532E+28  -7.5456E+28  -1.0312E+29  -8.1211E+28  -3.9166E+28  -2.0461E+28  -1.6366E+28  -1.1013E+28  -3.7301E+27   7.2918E+27   1.8240E+28   2.7271E+28   3.2520E+28   3.6262E+28   4.0369E+28   4.5492E+28   5.1907E+28   5.9921E+28   6.9101E+28   7.8072E+28   8.6940E+28   9.5304E+28   6.5886E+28  -1.7768E+29  -6.0228E+29  -8.0521E+29  -5.4718E+29   2.5970E+28   6.7261E+29   1.1408E+30   1.1063E+30  -1.4456E+30 
  9.9179E+27   3.1246E+28   3.3356E+28   5.3969E+28   5.4580E+28   4.9547E+28   4.2606E+28   3.1792E+28   2.4835E+28   1.7609E+28   2.3133E+27  -2.2490E+28  -5.2165E+28  -7.1291E+28  -5.6143E+28  -2.7076E+28  -1.4145E+28  -1.1314E+28  -7.6138E+27  -2.5787E+27   5.0410E+27   1.2610E+28   1.8853E+28   2.2482E+28   2.5069E+28   2.7908E+28   3.1450E+28   3.5884E+28   4.1425E+28   4.7771E+28   5.3973E+28   6.0104E+28   6.5886E+28   4.5548E+28  -1.2283E+29  -4.1637E+29  -5.5666E+29  -3.7828E+29   1.7954E+28   4.6499E+29   7.8869E+29   7.6482E+29  -9.9938E+29 
 -2.6746E+28  -8.4263E+28  -8.9954E+28  -1.4554E+29  -1.4719E+29  -1.3362E+29  -1.1490E+29  -8.5735E+28  -6.6974E+28  -4.7488E+28  -6.2384E+27   6.0651E+28   1.4068E+29   1.9225E+29   1.5141E+29   7.3018E+28   3.8147E+28   3.0511E+28   2.0533E+28   6.9542E+27  -1.3594E+28  -3.4005E+28  -5.0843E+28  -6.0629E+28  -6.7606E+28  -7.5261E+28  -8.4813E+28  -9.6771E+28  -1.1171E+29  -1.2883E+29  -1.4555E+29  -1.6209E+29  -1.7768E+29  -1.2283E+29   3.3125E+29   1.1229E+30   1.5012E+30   1.0201E+30  -4.8417E+28  -1.2540E+30  -2.1269E+30  -2.0625E+30   2.6951E+30 
 -9.0662E+28  -2.8563E+29  -3.0492E+29  -4.9334E+29  -4.9893E+29  -4.5293E+29  -3.8948E+29  -2.9062E+29  -2.2702E+29  -1.6097E+29  -2.1146E+28   2.0559E+29   4.7685E+29   6.5169E+29   5.1322E+29   2.4751E+29   1.2931E+29   1.0342E+29   6.9600E+28   2.3573E+28  -4.6081E+28  -1.1527E+29  -1.7234E+29  -2.0552E+29  -2.2916E+29  -2.5511E+29  -2.8749E+29  -3.2803E+29  -3.7868E+29  -4.3669E+29  -4.9339E+29  -5.4943E+29  -6.0228E+29  -4.1637E+29   1.1229E+30   3.8062E+30   5.0886E+30   3.4580E+30  -1.6412E+29  -4.2506E+30  -7.2096E+30  -6.9914E+30   9.1357E+30 
 -1.2121E+29  -3.8187E+29  -4.0766E+29  -6.5957E+29  -6.6704E+29  -6.0553E+29  -5.2071E+29  -3.8854E+29  -3.0352E+29  -2.1521E+29  -2.8272E+28   2.7486E+29   6.3752E+29   8.7127E+29   6.8614E+29   3.3091E+29   1.7288E+29   1.3827E+29   9.3051E+28   3.1515E+28  -6.1608E+28  -1.5411E+29  -2.3041E+29  -2.7476E+29  -3.0638E+29  -3.4107E+29  -3.8436E+29  -4.3855E+29  -5.0627E+29  -5.8383E+29  -6.5963E+29  -7.3455E+29  -8.0521E+29  -5.5666E+29   1.5012E+30   5.0886E+30   6.8032E+30   4.6231E+30  -2.1942E+29  -5.6828E+30  -9.6388E+30  -9.3471E+30   1.2214E+31 
 -8.2368E+28  -2.5950E+29  -2.7702E+29  -4.4821E+29  -4.5329E+29  -4.1149E+29  -3.5385E+29  -2.6403E+29  -2.0625E+29  -1.4624E+29  -1.9212E+28   1.8678E+29   4.3323E+29   5.9207E+29   4.6627E+29   2.2487E+29   1.1748E+29   9.3962E+28   6.3233E+28   2.1416E+28  -4.1866E+28  -1.0472E+29  -1.5658E+29  -1.8671E+29  -2.0820E+29  -2.3178E+29  -2.6119E+29  -2.9802E+29  -3.4404E+29  -3.9674E+29  -4.4825E+29  -4.9916E+29  -5.4718E+29  -3.7828E+29   1.0201E+30   3.4580E+30   4.6231E+30   3.1416E+30  -1.4911E+29  -3.8618E+30  -6.5500E+30  -6.3518E+30   8.2999E+30 
  3.9093E+27   1.2316E+28   1.3148E+28   2.1273E+28   2.1514E+28   1.9530E+28   1.6794E+28   1.2531E+28   9.7892E+27   6.9410E+27   9.1183E+26  -8.8651E+27  -2.0562E+28  -2.8101E+28  -2.2130E+28  -1.0673E+28  -5.5757E+27  -4.4596E+27  -3.0012E+27  -1.0165E+27   1.9870E+27   4.9704E+27   7.4314E+27   8.8618E+27   9.8815E+27   1.1001E+28   1.2397E+28   1.4145E+28   1.6329E+28   1.8830E+28   2.1275E+28   2.3691E+28   2.5970E+28   1.7954E+28  -4.8417E+28  -1.6412E+29  -2.1942E+29  -1.4911E+29   7.0769E+27   1.8329E+29   3.1088E+29   3.0147E+29  -3.9393E+29 
  1.0125E+29   3.1898E+29   3.4053E+29   5.5095E+29   5.5719E+29   5.0582E+29   4.3496E+29   3.2456E+29   2.5353E+29   1.7977E+29   2.3616E+28  -2.2960E+29  -5.3254E+29  -7.2779E+29  -5.7315E+29  -2.7642E+29  -1.4441E+29  -1.1550E+29  -7.7728E+28  -2.6325E+28   5.1462E+28   1.2873E+29   1.9247E+29   2.2951E+29   2.5592E+29   2.8491E+29   3.2106E+29   3.6633E+29   4.2290E+29   4.8768E+29   5.5100E+29   6.1359E+29   6.7261E+29   4.6499E+29  -1.2540E+30  -4.2506E+30  -5.6828E+30  -3.8618E+30   1.8329E+29   4.7470E+30   8.0515E+30   7.8078E+30  -1.0202E+31 
  1.7173E+29   5.4103E+29   5.7758E+29   9.3449E+29   9.4507E+29   8.5793E+29   7.3774E+29   5.5049E+29   4.3003E+29   3.0491E+29   4.0055E+28  -3.8943E+29  -9.0325E+29  -1.2344E+30  -9.7214E+29  -4.6883E+29  -2.4493E+29  -1.9590E+29  -1.3184E+29  -4.4651E+28   8.7287E+28   2.1834E+29   3.2645E+29   3.8929E+29   4.3408E+29   4.8324E+29   5.4456E+29   6.2135E+29   7.1729E+29   8.2717E+29   9.3457E+29   1.0407E+30   1.1408E+30   7.8869E+29  -2.1269E+30  -7.2096E+30  -9.6388E+30  -6.5500E+30   3.1088E+29   8.0515E+30   1.3656E+31   1.3243E+31  -1.7305E+31 
  1.6653E+29   5.2466E+29   5.6010E+29   9.0620E+29   9.1647E+29   8.3196E+29   7.1541E+29   5.3383E+29   4.1701E+29   2.9568E+29   3.8843E+28  -3.7764E+29  -8.7591E+29  -1.1971E+30  -9.4271E+29  -4.5465E+29  -2.3752E+29  -1.8998E+29  -1.2785E+29  -4.3300E+28   8.4645E+28   2.1173E+29   3.1657E+29   3.7750E+29   4.2094E+29   4.6861E+29   5.2808E+29   6.0254E+29   6.9558E+29   8.0214E+29   9.0628E+29   1.0092E+30   1.1063E+30   7.6482E+29  -2.0625E+30  -6.9914E+30  -9.3471E+30  -6.3518E+30   3.0147E+29   7.8078E+30   1.3243E+31   1.2842E+31  -1.6781E+31 
 -2.1761E+29  -6.8557E+29  -7.3188E+29  -1.1841E+30  -1.1975E+30  -1.0871E+30  -9.3483E+29  -6.9755E+29  -5.4491E+29  -3.8636E+29  -5.0756E+28   4.9346E+29   1.1446E+30   1.5642E+30   1.2318E+30   5.9408E+29   3.1037E+29   2.4824E+29   1.6706E+29   5.6580E+28  -1.1061E+29  -2.7667E+29  -4.1366E+29  -4.9328E+29  -5.5004E+29  -6.1233E+29  -6.9004E+29  -7.8734E+29  -9.0891E+29  -1.0482E+30  -1.1842E+30  -1.3187E+30  -1.4456E+30  -9.9938E+29   2.6951E+30   9.1357E+30   1.2214E+31   8.2999E+30  -3.9393E+29  -1.0202E+31  -1.7305E+31  -1.6781E+31   2.1928E+31 


curvature
  3.9599E+19   3.6205E+20   5.0983E+20   2.2869E+21   4.5572E+21   5.5781E+21   5.9513E+21   7.8801E+21   9.0464E+21   9.4014E+21   1.1707E+22   1.5937E+22   2.0556E+22   2.2460E+22   1.9118E+22   1.3898E+22   1.1415E+22   1.0903E+22   1.0225E+22   9.2803E+21   7.7234E+21   6.0185E+21   4.3526E+21   3.3092E+21   2.8506E+21   2.7487E+21   2.8230E+21   1.1570E+21  -3.1969E+21  -1.3112E+22  -3.7779E+22  -9.3662E+22  -2.1212E+23  -5.0670E+23  -1.3664E+24  -2.7467E+24  -3.2350E+24  -1.1966E+24   3.9379E+24   1.1431E+25   1.8992E+25   1.7119E+25  -4.2976E+25 
  3.6205E+20   3.3102E+21   4.6614E+21   2.0909E+22   4.1667E+22   5.1000E+22   5.4413E+22   7.2047E+22   8.2710E+22   8.5956E+22   1.0704E+23   1.4571E+23   1.8794E+23   2.0535E+23   1.7480E+23   1.2707E+23   1.0436E+23   9.9687E+22   9.3487E+22   8.4849E+22   7.0615E+22   5.5026E+22   3.9796E+22   3.0255E+22   2.6063E+22   2.5132E+22   2.5810E+22   1.0579E+22  -2.9229E+22  -1.1988E+23  -3.4541E+23  -8.5635E+23  -1.9394E+24  -4.6327E+24  -1.2493E+25  -2.5113E+25  -2.9578E+25  -1.0940E+25   3.6004E+25   1.0451E+26   1.7364E+26   1.5652E+26  -3.9293E+26 
  5.0983E+20   4.6614E+21   6.5640E+21   2.9443E+22   5.8674E+22   7.1818E+22   7.6623E+22   1.0146E+23   1.1647E+23   1.2104E+23   1.5073E+23   2.0519E+23   2.6466E+23   2.8917E+23   2.4615E+23   1.7893E+23   1.4696E+23   1.4038E+23   1.3165E+23   1.1948E+23   9.9438E+22   7.7487E+22   5.6039E+22   4.2605E+22   3.6701E+22   3.5390E+22   3.6345E+22   1.4896E+22  -4.1160E+22  -1.6882E+23  -4.8640E+23  -1.2059E+24  -2.7311E+24  -6.5237E+24  -1.7593E+25  -3.5364E+25  -4.1651E+25  -1.5406E+25   5.0700E+25   1.4717E+26   2.4452E+26   2.2040E+26  -5.5331E+26 
  2.2869E+21   2.0909E+22   2.9443E+22   1.3207E+23   2.6319E+23   3.2214E+23   3.4370E+23   4.5508E+23   5.2244E+23   5.4294E+23   6.7609E+23   9.2037E+23   1.1871E+24   1.2971E+24   1.1041E+24   8.0261E+23   6.5921E+23   6.2967E+23   5.9051E+23   5.3595E+23   4.4604E+23   3.4757E+23   2.5137E+23   1.9111E+23   1.6463E+23   1.5874E+23   1.6303E+23   6.6819E+22  -1.8463E+23  -7.5725E+23  -2.1818E+24  -5.4091E+24  -1.2250E+25  -2.9262E+25  -7.8913E+25  -1.5863E+26  -1.8683E+26  -6.9105E+25   2.2742E+26   6.6015E+26   1.0968E+27   9.8863E+26  -2.4819E+27 
  4.5572E+21   4.1667E+22   5.8674E+22   2.6319E+23   5.2447E+23   6.4196E+23   6.8491E+23   9.0688E+23   1.0411E+24   1.0820E+24   1.3473E+24   1.8341E+24   2.3657E+24   2.5848E+24   2.2002E+24   1.5994E+24   1.3136E+24   1.2548E+24   1.1768E+24   1.0680E+24   8.8885E+23   6.9264E+23   5.0092E+23   3.8084E+23   3.2806E+23   3.1634E+23   3.2488E+23   1.3316E+23  -3.6792E+23  -1.5090E+24  -4.3478E+24  -1.0779E+25  -2.4412E+25  -5.8313E+25  -1.5726E+26  -3.1611E+26  -3.7230E+26  -1.3771E+26   4.5319E+26   1.3155E+27   2.1857E+27   1.9701E+27  -4.9459E+27 
  5.5781E+21   5.1000E+22   7.1818E+22   3.2214E+23   6.4196E+23   7.8576E+23   8.3834E+23   1.1100E+24   1.2743E+24   1.3243E+24   1.6491E+24   2.2450E+24   2.8956E+24   3.1639E+24   2.6931E+24   1.9577E+24   1.6079E+24   1.5359E+24   1.4404E+24   1.3073E+24   1.0880E+24   8.4779E+23   6.1313E+23   4.6615E+23   4.0155E+23   3.8720E+23   3.9766E+23   1.6298E+23  -4.5034E+23  -1.8471E+24  -5.3217E+24  -1.3194E+25  -2.9881E+25  -7.1376E+25  -1.9248E+26  -3.8692E+26  -4.5570E+26  -1.6856E+26   5.5471E+26   1.6102E+27   2.6753E+27   2.4114E+27  -6.0538E+27 
  5.9513E+21   5.4413E+22   7.6623E+22   3.4370E+23   6.8491E+23   8.3834E+23   8.9443E+23   1.1843E+24   1.3596E+24   1.4129E+24   1.7594E+24   2.3952E+24   3.0894E+24   3.3756E+24   2.8733E+24   2.0887E+24   1.7155E+24   1.6386E+24   1.5367E+24   1.3947E+24   1.1608E+24   9.0452E+23   6.5415E+23   4.9734E+23   4.2842E+23   4.1311E+23   4.2426E+23   1.7389E+23  -4.8047E+23  -1.9706E+24  -5.6778E+24  -1.4076E+25  -3.1880E+25  -7.6152E+25  -2.0536E+26  -4.1281E+26  -4.8619E+26  -1.7984E+26   5.9183E+26   1.7180E+27   2.8543E+27   2.5728E+27  -6.4589E+27 
  7.8801E+21   7.2047E+22   1.0146E+23   4.5508E+23   9.0688E+23   1.1100E+24   1.1843E+24   1.5681E+24   1.8002E+24   1.8708E+24   2.3297E+24   3.1714E+24   4.0906E+24   4.4695E+24   3.8045E+24   2.7656E+24   2.2715E+24   2.1697E+24   2.0348E+24   1.8468E+24   1.5369E+24   1.1977E+24   8.6616E+23   6.5852E+23   5.6726E+23   5.4699E+23   5.6176E+23   2.3024E+23  -6.3618E+23  -2.6093E+24  -7.5179E+24  -1.8639E+25  -4.2212E+25  -1.0083E+26  -2.7192E+26  -5.4660E+26  -6.4376E+26  -2.3812E+26   7.8363E+26   2.2747E+27   3.7793E+27   3.4066E+27  -8.5521E+27 
  9.0464E+21   8.2710E+22   1.1647E+23   5.2244E+23   1.0411E+24   1.2743E+24   1.3596E+24   1.8002E+24   2.0666E+24   2.1477E+24   2.6745E+24   3.6408E+24   4.6960E+24   5.1310E+24   4.3676E+24   3.1749E+24   2.6077E+24   2.4908E+24   2.3359E+24   2.1201E+24   1.7644E+24   1.3749E+24   9.9435E+23   7.5598E+23   6.5122E+23   6.2795E+23   6.4491E+23   2.6432E+23  -7.3034E+23  -2.9955E+24  -8.6306E+24  -2.1397E+25  -4.8460E+25  -1.1576E+26  -3.1216E+26  -6.2749E+26  -7.3904E+26  -2.7336E+26   8.9961E+26   2.6114E+27   4.3387E+27   3.9108E+27  -9.8178E+27 
  9.4014E+21   8.5956E+22   1.2104E+23   5.4294E+23   1.0820E+24   1.3243E+24   1.4129E+24   1.8708E+24   2.1477E+24   2.2320E+24   2.7794E+24   3.7836E+24   4.8803E+24   5.3324E+24   4.5390E+24   3.2995E+24   2.7100E+24   2.5886E+24   2.4276E+24   2.2033E+24   1.8337E+24   1.4289E+24   1.0334E+24   7.8564E+23   6.7678E+23   6.5259E+23   6.7021E+23   2.7469E+23  -7.5900E+23  -3.1130E+24  -8.9692E+24  -2.2237E+25  -5.0361E+25  -1.2030E+26  -3.2441E+26  -6.5212E+26  -7.6804E+26  -2.8409E+26   9.3492E+26   2.7139E+27   4.5090E+27   4.0642E+27  -1.0203E+28 
  1.1707E+22   1.0704E+23   1.5073E+23   6.7609E+23   1.3473E+24   1.6491E+24   1.7594E+24   2.3297E+24   2.6745E+24   2.7794E+24   3.4610E+24   4.7116E+24   6.0772E+24   6.6401E+24   5.6521E+24   4.1087E+24   3.3746E+24   3.2234E+24   3.0229E+24   2.7436E+24   2.2833E+24   1.7793E+24   1.2868E+24   9.7832E+23   8.4275E+23   8.1264E+23   8.3458E+23   3.4206E+23  -9.4514E+23  -3.8765E+24  -1.1169E+25  -2.7690E+25  -6.2712E+25  -1.4980E+26  -4.0397E+26  -8.1204E+26  -9.5640E+26  -3.5376E+26   1.1642E+27   3.3794E+27   5.6148E+27   5.0610E+27  -1.2705E+28 
  1.5937E+22   1.4571E+23   2.0519E+23   9.2037E+23   1.8341E+24   2.2450E+24   2.3952E+24   3.1714E+24   3.6408E+24   3.7836E+24   4.7116E+24   6.4139E+24   8.2730E+24   9.0393E+24   7.6944E+24   5.5933E+24   4.5939E+24   4.3880E+24   4.1152E+24   3.7349E+24   3.1084E+24   2.4222E+24   1.7517E+24   1.3318E+24   1.1472E+24   1.1063E+24   1.1361E+24   4.6565E+23  -1.2866E+24  -5.2771E+24  -1.5204E+25  -3.7695E+25  -8.5371E+25  -2.0392E+26  -5.4993E+26  -1.1054E+27  -1.3020E+27  -4.8158E+26   1.5848E+27   4.6004E+27   7.6434E+27   6.8896E+27  -1.7296E+28 
  2.0556E+22   1.8794E+23   2.6466E+23   1.1871E+24   2.3657E+24   2.8956E+24   3.0894E+24   4.0906E+24   4.6960E+24   4.8803E+24   6.0772E+24   8.2730E+24   1.0671E+25   1.1659E+25   9.9245E+24   7.2145E+24   5.9254E+24   5.6599E+24   5.3079E+24   4.8175E+24   4.0093E+24   3.1242E+24   2.2595E+24   1.7178E+24   1.4798E+24   1.4269E+24   1.4654E+24   6.0062E+23  -1.6596E+24  -6.8067E+24  -1.9611E+25  -4.8621E+25  -1.1012E+26  -2.6303E+26  -7.0933E+26  -1.4259E+27  -1.6793E+27  -6.2116E+26   2.0442E+27   5.9339E+27   9.8589E+27   8.8865E+27  -2.2309E+28 
  2.2460E+22   2.0535E+23   2.8917E+23   1.2971E+24   2.5848E+24   3.1639E+24   3.3756E+24   4.4695E+24   5.1310E+24   5.3324E+24   6.6401E+24   9.0393E+24   1.1659E+25   1.2739E+25   1.0844E+25   7.8827E+24   6.4743E+24   6.1842E+24   5.7996E+24   5.2637E+24   4.3807E+24   3.4136E+24   2.4688E+24   1.8769E+24   1.6168E+24   1.5591E+24   1.6012E+24   6.5625E+23  -1.8133E+24  -7.4372E+24  -2.1428E+25  -5.3125E+25  -1.2032E+26  -2.8740E+26  -7.7503E+26  -1.5579E+27  -1.8349E+27  -6.7870E+26   2.2336E+27   6.4835E+27   1.0772E+28   9.7097E+27  -2.4376E+28 
  1.9118E+22   1.7480E+23   2.4615E+23   1.1041E+24   2.2002E+24   2.6931E+24   2.8733E+24   3.8045E+24   4.3676E+24   4.5390E+24   5.6521E+24   7.6944E+24   9.9245E+24   1.0844E+25   9.2304E+24   6.7099E+24   5.5110E+24   5.2640E+24   4.9367E+24   4.4806E+24   3.7289E+24   2.9057E+24   2.1014E+24   1.5977E+24   1.3763E+24   1.3271E+24   1.3629E+24   5.5861E+23  -1.5435E+24  -6.3306E+24  -1.8240E+25  -4.5220E+25  -1.0241E+26  -2.4463E+26  -6.5972E+26  -1.3261E+27  -1.5619E+27  -5.7772E+26   1.9012E+27   5.5188E+27   9.1693E+27   8.2650E+27  -2.0749E+28 
  1.3898E+22   1.2707E+23   1.7893E+23   8.0261E+23   1.5994E+24   1.9577E+24   2.0887E+24   2.7656E+24   3.1749E+24   3.2995E+24   4.1087E+24   5.5933E+24   7.2145E+24   7.8827E+24   6.7099E+24   4.8776E+24   4.0061E+24   3.8266E+24   3.5886E+24   3.2571E+24   2.7106E+24   2.1123E+24   1.5276E+24   1.1614E+24   1.0005E+24   9.6471E+23   9.9076E+23   4.0607E+23  -1.1220E+24  -4.6019E+24  -1.3259E+25  -3.2872E+25  -7.4448E+25  -1.7783E+26  -4.7957E+26  -9.6401E+26  -1.1354E+27  -4.1996E+26   1.3821E+27   4.0118E+27   6.6655E+27   6.0081E+27  -1.5083E+28 
  1.1415E+22   1.0436E+23   1.4696E+23   6.5921E+23   1.3136E+24   1.6079E+24   1.7155E+24   2.2715E+24   2.6077E+24   2.7100E+24   3.3746E+24   4.5939E+24   5.9254E+24   6.4743E+24   5.5110E+24   4.0061E+24   3.2903E+24   3.1429E+24   2.9474E+24   2.6751E+24   2.2263E+24   1.7349E+24   1.2547E+24   9.5388E+23   8.2170E+23   7.9234E+23   8.1373E+23   3.3352E+23  -9.2153E+23  -3.7797E+24  -1.0890E+25  -2.6999E+25  -6.1146E+25  -1.4606E+26  -3.9388E+26  -7.9176E+26  -9.3251E+26  -3.4492E+26   1.1351E+27   3.2950E+27   5.4745E+27   4.9346E+27  -1.2388E+28 
  1.0903E+22   9.9687E+22   1.4038E+23   6.2967E+23   1.2548E+24   1.5359E+24   1.6386E+24   2.1697E+24   2.4908E+24   2.5886E+24   3.2234E+24   4.3880E+24   5.6599E+24   6.1842E+24   5.2640E+24   3.8266E+24   3.1429E+24   3.0021E+24   2.8154E+24   2.5552E+24   2.1266E+24   1.6571E+24   1.1984E+24   9.1114E+23   7.8488E+23   7.5684E+23   7.7727E+23   3.1857E+23  -8.8024E+23  -3.6103E+24  -1.0402E+25  -2.5789E+25  -5.8406E+25  -1.3951E+26  -3.7623E+26  -7.5629E+26  -8.9073E+26  -3.2947E+26   1.0843E+27   3.1474E+27   5.2292E+27   4.7135E+27  -1.1833E+28 
  1.0225E+22   9.3487E+22   1.3165E+23   5.9051E+23   1.1768E+24   1.4404E+24   1.5367E+24   2.0348E+24   2.3359E+24   2.4276E+24   3.0229E+24   4.1152E+24   5.3079E+24   5.7996E+24   4.9367E+24   3.5886E+24   2.9474E+24   2.8154E+24   2.6403E+24   2.3963E+24   1.9943E+24   1.5541E+24   1.1239E+24   8.5448E+23   7.3607E+23   7.0977E+23   7.2893E+23   2.9876E+23  -8.2550E+23  -3.3858E+24  -9.7551E+24  -2.4185E+25  -5.4774E+25  -1.3084E+26  -3.5283E+26  -7.0925E+26  -8.3534E+26  -3.0898E+26   1.0168E+27   2.9516E+27   4.9040E+27   4.4203E+27  -1.1097E+28 
  9.2803E+21   8.4849E+22   1.1948E+23   5.3595E+23   1.0680E+24   1.3073E+24   1.3947E+24   1.8468E+24   2.1201E+24   2.2033E+24   2.7436E+24   3.7349E+24   4.8175E+24   5.2637E+24   4.4806E+24   3.2571E+24   2.6751E+24   2.5552E+24   2.3963E+24   2.1749E+24   1.8100E+24   1.4105E+24   1.0201E+24   7.7553E+23   6.6806E+23   6.4419E+23   6.6159E+23   2.7116E+23  -7.4923E+23  -3.0730E+24  -8.8538E+24  -2.1950E+25  -4.9713E+25  -1.1875E+26  -3.2023E+26  -6.4372E+26  -7.5816E+26  -2.8043E+26   9.2288E+26   2.6789E+27   4.4509E+27   4.0119E+27  -1.0072E+28 
  7.7234E+21   7.0615E+22   9.9438E+22   4.4604E+23   8.8885E+23   1.0880E+24   1.1608E+24   1.5369E+24   1.7644E+24   1.8337E+24   2.2833E+24   3.1084E+24   4.0093E+24   4.3807E+24   3.7289E+24   2.7106E+24   2.2263E+24   2.1266E+24   1.9943E+24   1.8100E+24   1.5064E+24   1.1739E+24   8.4894E+23   6.4542E+23   5.5599E+23   5.3612E+23   5.5060E+23   2.2567E+23  -6.2353E+23  -2.5574E+24  -7.3684E+24  -1.8268E+25  -4.1373E+25  -9.8827E+25  -2.6651E+26  -5.3573E+26  -6.3096E+26  -2.3339E+26   7.6805E+26   2.2295E+27   3.7042E+27   3.3389E+27  -8.3821E+27 
  6.0185E+21   5.5026E+22   7.7487E+22   3.4757E+23   6.9264E+23   8.4779E+23   9.0452E+23   1.1977E+24   1.3749E+24   1.4289E+24   1.7793E+24   2.4222E+24   3.1242E+24   3.4136E+24   2.9057E+24   2.1123E+24   1.7349E+24   1.6571E+24   1.5541E+24   1.4105E+24   1.1739E+24   9.1472E+23   6.6153E+23   5.0295E+23   4.3325E+23   4.1777E+23   4.2905E+23   1.7585E+23  -4.8589E+23  -1.9929E+24  -5.7418E+24  -1.4235E+25  -3.2240E+25  -7.7011E+25  -2.0768E+26  -4.1747E+26  -4.9168E+26  -1.8187E+26   5.9851E+26   1.7373E+27   2.8865E+27   2.6018E+27  -6.5317E+27 
  4.3526E+21   3.9796E+22   5.6039E+22   2.5137E+23   5.0092E+23   6.1313E+23   6.5415E+23   8.6616E+23   9.9435E+23   1.0334E+24   1.2868E+24   1.7517E+24   2.2595E+24   2.4688E+24   2.1014E+24   1.5276E+24   1.2547E+24   1.1984E+24   1.1239E+24   1.0201E+24   8.4894E+23   6.6153E+23   4.7843E+23   3.6373E+23   3.1333E+23   3.0213E+23   3.1029E+23   1.2718E+23  -3.5140E+23  -1.4413E+24  -4.1525E+24  -1.0295E+25  -2.3316E+25  -5.5695E+25  -1.5019E+26  -3.0191E+26  -3.5559E+26  -1.3153E+26   4.3284E+26   1.2565E+27   2.0875E+27   1.8816E+27  -4.7238E+27 
  3.3092E+21   3.0255E+22   4.2605E+22   1.9111E+23   3.8084E+23   4.6615E+23   4.9734E+23   6.5852E+23   7.5598E+23   7.8564E+23   9.7832E+23   1.3318E+24   1.7178E+24   1.8769E+24   1.5977E+24   1.1614E+24   9.5388E+23   9.1114E+23   8.5448E+23   7.7553E+23   6.4542E+23   5.0295E+23   3.6373E+23   2.7654E+23   2.3822E+23   2.2970E+23   2.3591E+23   9.6688E+22  -2.6716E+23  -1.0958E+24  -3.1571E+24  -7.8271E+24  -1.7727E+25  -4.2343E+25  -1.1419E+26  -2.2954E+26  -2.7034E+26  -9.9996E+25   3.2908E+26   9.5525E+26   1.5871E+27   1.4306E+27  -3.5914E+27 
  2.8506E+21   2.6063E+22   3.6701E+22   1.6463E+23   3.2806E+23   4.0155E+23   4.2842E+23   5.6726E+23   6.5122E+23   6.7678E+23   8.4275E+23   1.1472E+24   1.4798E+24   1.6168E+24   1.3763E+24   1.0005E+24   8.2170E+23   7.8488E+23   7.3607E+23   6.6806E+23   5.5599E+23   4.3325E+23   3.1333E+23   2.3822E+23   2.0521E+23   1.9787E+23   2.0322E+23   8.3290E+22  -2.3014E+23  -9.4391E+23  -2.7196E+24  -6.7424E+24  -1.5270E+25  -3.6476E+25  -9.8365E+25  -1.9773E+26  -2.3288E+26  -8.6139E+25   2.8348E+26   8.2288E+26   1.3672E+27   1.2323E+27  -3.0937E+27 
  2.7487E+21   2.5132E+22   3.5390E+22   1.5874E+23   3.1634E+23   3.8720E+23   4.1311E+23   5.4699E+23   6.2795E+23   6.5259E+23   8.1264E+23   1.1063E+24   1.4269E+24   1.5591E+24   1.3271E+24   9.6471E+23   7.9234E+23   7.5684E+23   7.0977E+23   6.4419E+23   5.3612E+23   4.1777E+23   3.0213E+23   2.2970E+23   1.9787E+23   1.9080E+23   1.9596E+23   8.0314E+22  -2.2191E+23  -9.1018E+23  -2.6224E+24  -6.5015E+24  -1.4724E+25  -3.5172E+25  -9.4850E+25  -1.9066E+26  -2.2456E+26  -8.3061E+25   2.7335E+26   7.9347E+26   1.3183E+27   1.1883E+27  -2.9832E+27 
  2.8230E+21   2.5810E+22   3.6345E+22   1.6303E+23   3.2488E+23   3.9766E+23   4.2426E+23   5.6176E+23   6.4491E+23   6.7021E+23   8.3458E+23   1.1361E+24   1.4654E+24   1.6012E+24   1.3629E+24   9.9076E+23   8.1373E+23   7.7727E+23   7.2893E+23   6.6159E+23   5.5060E+23   4.2905E+23   3.1029E+23   2.3591E+23   2.0322E+23   1.9596E+23   2.0125E+23   8.2482E+22  -2.2791E+23  -9.3476E+23  -2.6932E+24  -6.6771E+24  -1.5122E+25  -3.6122E+25  -9.7412E+25  -1.9581E+26  -2.3062E+26  -8.5304E+25   2.8073E+26   8.1490E+26   1.3539E+27   1.2204E+27  -3.0637E+27 
  1.1570E+21   1.0579E+22   1.4896E+22   6.6819E+22   1.3316E+23   1.6298E+23   1.7389E+23   2.3024E+23   2.6432E+23   2.7469E+23   3.4206E+23   4.6565E+23   6.0062E+23   6.5625E+23   5.5861E+23   4.0607E+23   3.3352E+23   3.1857E+23   2.9876E+23   2.7116E+23   2.2567E+23   1.7585E+23   1.2718E+23   9.6688E+22   8.3290E+22   8.0314E+22   8.2482E+22   3.3806E+22  -9.3409E+22  -3.8312E+23  -1.1038E+24  -2.7366E+24  -6.1979E+24  -1.4805E+25  -3.9925E+25  -8.0255E+25  -9.4522E+25  -3.4963E+25   1.1506E+26   3.3399E+26   5.5491E+26   5.0018E+26  -1.2557E+27 
