# SYSTEMATIC ERROR COVARIANCE MATRICES IN (VMR)^2 UNITS
# nmatr  = 7
# nrows  = 43
# ncols  = 43

smoothing
  3.3206E-12   1.7693E-12   9.9740E-13   4.9355E-13   2.3044E-13   1.2574E-13   7.7250E-14   4.1192E-14   2.4777E-14   1.4515E-14   1.4632E-15  -1.0702E-14  -1.9432E-14  -2.2851E-14  -1.7227E-14  -8.3893E-15  -4.2143E-15  -3.0057E-15  -1.7727E-15  -5.0998E-16   8.2199E-16   1.6695E-15   2.0245E-15   1.9542E-15   1.7592E-15   1.5741E-15   1.4242E-15   1.3124E-15   1.2302E-15   1.1607E-15   1.0787E-15   9.9122E-16   8.9985E-16   5.1608E-16  -1.1572E-15  -3.2769E-15  -3.6962E-15  -2.1421E-15   8.7778E-17   1.9793E-15   2.9229E-15   2.4507E-15  -2.3775E-15 
  1.7693E-12   9.4268E-13   5.3143E-13   2.6297E-13   1.2278E-13   6.6995E-14   4.1160E-14   2.1947E-14   1.3201E-14   7.7341E-15   7.7961E-16  -5.7023E-15  -1.0354E-14  -1.2175E-14  -9.1786E-15  -4.4700E-15  -2.2454E-15  -1.6015E-15  -9.4453E-16  -2.7172E-16   4.3797E-16   8.8955E-16   1.0787E-15   1.0412E-15   9.3735E-16   8.3870E-16   7.5882E-16   6.9929E-16   6.5548E-16   6.1846E-16   5.7474E-16   5.2814E-16   4.7945E-16   2.7498E-16  -6.1656E-16  -1.7460E-15  -1.9694E-15  -1.1413E-15   4.6769E-17   1.0546E-15   1.5574E-15   1.3058E-15  -1.2668E-15 
  9.9740E-13   5.3143E-13   2.9958E-13   1.4825E-13   6.9217E-14   3.7768E-14   2.3203E-14   1.2373E-14   7.4422E-15   4.3600E-15   4.3949E-16  -3.2146E-15  -5.8367E-15  -6.8636E-15  -5.1743E-15  -2.5199E-15  -1.2658E-15  -9.0283E-16  -5.3247E-16  -1.5318E-16   2.4690E-16   5.0147E-16   6.0809E-16   5.8699E-16   5.2842E-16   4.7281E-16   4.2777E-16   3.9421E-16   3.6952E-16   3.4865E-16   3.2400E-16   2.9773E-16   2.7029E-16   1.5501E-16  -3.4758E-16  -9.8427E-16  -1.1102E-15  -6.4342E-16   2.6366E-17   5.9451E-16   8.7794E-16   7.3612E-16  -7.1412E-16 
  4.9355E-13   2.6297E-13   1.4825E-13   7.3357E-14   3.4251E-14   1.8689E-14   1.1482E-14   6.1224E-15   3.6827E-15   2.1575E-15   2.1748E-16  -1.5907E-15  -2.8882E-15  -3.3964E-15  -2.5604E-15  -1.2469E-15  -6.2638E-16  -4.4675E-16  -2.6348E-16  -7.5799E-17   1.2217E-16   2.4815E-16   3.0090E-16   2.9046E-16   2.6148E-16   2.3396E-16   2.1168E-16   1.9507E-16   1.8285E-16   1.7252E-16   1.6033E-16   1.4733E-16   1.3375E-16   7.6707E-17  -1.7199E-16  -4.8705E-16  -5.4938E-16  -3.1839E-16   1.3047E-17   2.9419E-16   4.3443E-16   3.6426E-16  -3.5337E-16 
  2.3044E-13   1.2278E-13   6.9217E-14   3.4251E-14   1.5992E-14   8.7260E-15   5.3610E-15   2.8586E-15   1.7195E-15   1.0073E-15   1.0154E-16  -7.4270E-16  -1.3485E-15  -1.5858E-15  -1.1955E-15  -5.8220E-16  -2.9246E-16  -2.0859E-16  -1.2302E-16  -3.5391E-17   5.7044E-17   1.1586E-16   1.4049E-16   1.3562E-16   1.2209E-16   1.0924E-16   9.8834E-17   9.1080E-17   8.5374E-17   8.0552E-17   7.4859E-17   6.8788E-17   6.2447E-17   3.5815E-17  -8.0305E-17  -2.2741E-16  -2.5651E-16  -1.4866E-16   6.0916E-18   1.3736E-16   2.0284E-16   1.7007E-16  -1.6499E-16 
  1.2574E-13   6.6995E-14   3.7768E-14   1.8689E-14   8.7260E-15   4.7613E-15   2.9252E-15   1.5598E-15   9.3821E-16   5.4965E-16   5.5406E-17  -4.0525E-16  -7.3582E-16  -8.6528E-16  -6.5231E-16  -3.1767E-16  -1.5958E-16  -1.1382E-16  -6.7127E-17  -1.9311E-17   3.1126E-17   6.3219E-17   7.6660E-17   7.4000E-17   6.6616E-17   5.9605E-17   5.3928E-17   4.9698E-17   4.6584E-17   4.3953E-17   4.0846E-17   3.7534E-17   3.4074E-17   1.9542E-17  -4.3818E-17  -1.2408E-16  -1.3996E-16  -8.1114E-17   3.3238E-18   7.4948E-17   1.1068E-16   9.2800E-17  -9.0027E-17 
  7.7250E-14   4.1160E-14   2.3203E-14   1.1482E-14   5.3610E-15   2.9252E-15   1.7971E-15   9.5828E-16   5.7641E-16   3.3769E-16   3.4039E-17  -2.4897E-16  -4.5206E-16  -5.3160E-16  -4.0076E-16  -1.9517E-16  -9.8041E-17  -6.9926E-17  -4.1240E-17  -1.1864E-17   1.9123E-17   3.8840E-17   4.7097E-17   4.5463E-17   4.0927E-17   3.6620E-17   3.3132E-17   3.0533E-17   2.8620E-17   2.7003E-17   2.5095E-17   2.3060E-17   2.0934E-17   1.2006E-17  -2.6920E-17  -7.6233E-17  -8.5988E-17  -4.9834E-17   2.0421E-18   4.6046E-17   6.7998E-17   5.7014E-17  -5.5310E-17 
  4.1192E-14   2.1947E-14   1.2373E-14   6.1224E-15   2.8586E-15   1.5598E-15   9.5828E-16   5.1098E-16   3.0735E-16   1.8006E-16   1.8151E-17  -1.3276E-16  -2.4105E-16  -2.8346E-16  -2.1369E-16  -1.0407E-16  -5.2278E-17  -3.7286E-17  -2.1990E-17  -6.3262E-18   1.0197E-17   2.0710E-17   2.5113E-17   2.4242E-17   2.1823E-17   1.9526E-17   1.7667E-17   1.6281E-17   1.5261E-17   1.4399E-17   1.3381E-17   1.2296E-17   1.1163E-17   6.4020E-18  -1.4355E-17  -4.0649E-17  -4.5851E-17  -2.6573E-17   1.0889E-18   2.4553E-17   3.6258E-17   3.0401E-17  -2.9492E-17 
  2.4777E-14   1.3201E-14   7.4422E-15   3.6827E-15   1.7195E-15   9.3821E-16   5.7641E-16   3.0735E-16   1.8488E-16   1.0831E-16   1.0918E-17  -7.9855E-17  -1.4499E-16  -1.7050E-16  -1.2854E-16  -6.2598E-17  -3.1445E-17  -2.2428E-17  -1.3227E-17  -3.8052E-18   6.1333E-18   1.2457E-17   1.5106E-17   1.4582E-17   1.3127E-17   1.1745E-17   1.0627E-17   9.7929E-18   9.1794E-18   8.6610E-18   8.0488E-18   7.3961E-18   6.7143E-18   3.8508E-18  -8.6343E-18  -2.4451E-17  -2.7580E-17  -1.5984E-17   6.5496E-19   1.4769E-17   2.1809E-17   1.8286E-17  -1.7740E-17 
  1.4515E-14   7.7341E-15   4.3600E-15   2.1575E-15   1.0073E-15   5.4965E-16   3.3769E-16   1.8006E-16   1.0831E-16   6.3453E-17   6.3961E-18  -4.6783E-17  -8.4944E-17  -9.9889E-17  -7.5304E-17  -3.6673E-17  -1.8422E-17  -1.3139E-17  -7.7492E-18  -2.2293E-18   3.5932E-18   7.2981E-18   8.8497E-18   8.5427E-18   7.6903E-18   6.8809E-18   6.2256E-18   5.7372E-18   5.3777E-18   5.0740E-18   4.7154E-18   4.3330E-18   3.9336E-18   2.2560E-18  -5.0584E-18  -1.4324E-17  -1.6157E-17  -9.3639E-18   3.8371E-19   8.6522E-18   1.2777E-17   1.0713E-17  -1.0393E-17 
  1.4632E-15   7.7961E-16   4.3949E-16   2.1748E-16   1.0154E-16   5.5406E-17   3.4039E-17   1.8151E-17   1.0918E-17   6.3961E-18   6.4474E-19  -4.7158E-18  -8.5625E-18  -1.0069E-17  -7.5908E-18  -3.6967E-18  -1.8570E-18  -1.3245E-18  -7.8113E-19  -2.2472E-19   3.6220E-19   7.3566E-19   8.9207E-19   8.6112E-19   7.7520E-19   6.9361E-19   6.2755E-19   5.7832E-19   5.4208E-19   5.1147E-19   4.7532E-19   4.3677E-19   3.9651E-19   2.2741E-19  -5.0990E-19  -1.4439E-18  -1.6287E-18  -9.4390E-19   3.8679E-20   8.7215E-19   1.2879E-18   1.0799E-18  -1.0476E-18 
 -1.0702E-14  -5.7023E-15  -3.2146E-15  -1.5907E-15  -7.4270E-16  -4.0525E-16  -2.4897E-16  -1.3276E-16  -7.9855E-17  -4.6783E-17  -4.7158E-18   3.4493E-17   6.2628E-17   7.3648E-17   5.5521E-17   2.7039E-17   1.3583E-17   9.6875E-18   5.7134E-18   1.6436E-18  -2.6492E-18  -5.3809E-18  -6.5249E-18  -6.2985E-18  -5.6700E-18  -5.0733E-18  -4.5901E-18  -4.2300E-18  -3.9650E-18  -3.7410E-18  -3.4766E-18  -3.1947E-18  -2.9002E-18  -1.6633E-18   3.7295E-18   1.0561E-17   1.1913E-17   6.9039E-18  -2.8291E-19  -6.3792E-18  -9.4204E-18  -7.8986E-18   7.6626E-18 
 -1.9432E-14  -1.0354E-14  -5.8367E-15  -2.8882E-15  -1.3485E-15  -7.3582E-16  -4.5206E-16  -2.4105E-16  -1.4499E-16  -8.4944E-17  -8.5625E-18   6.2628E-17   1.1371E-16   1.3372E-16   1.0081E-16   4.9094E-17   2.4662E-17   1.7589E-17   1.0374E-17   2.9844E-18  -4.8102E-18  -9.7700E-18  -1.1847E-17  -1.1436E-17  -1.0295E-17  -9.2115E-18  -8.3342E-18  -7.6803E-18  -7.1992E-18  -6.7926E-18  -6.3125E-18  -5.8006E-18  -5.2659E-18  -3.0201E-18   6.7717E-18   1.9176E-17   2.1630E-17   1.2535E-17  -5.1367E-19  -1.1583E-17  -1.7105E-17  -1.4342E-17   1.3913E-17 
 -2.2851E-14  -1.2175E-14  -6.8636E-15  -3.3964E-15  -1.5858E-15  -8.6528E-16  -5.3160E-16  -2.8346E-16  -1.7050E-16  -9.9889E-17  -1.0069E-17   7.3648E-17   1.3372E-16   1.5725E-16   1.1855E-16   5.7732E-17   2.9001E-17   2.0684E-17   1.2199E-17   3.5094E-18  -5.6565E-18  -1.1489E-17  -1.3932E-17  -1.3448E-17  -1.2106E-17  -1.0832E-17  -9.8005E-18  -9.0317E-18  -8.4658E-18  -7.9877E-18  -7.4231E-18  -6.8211E-18  -6.1924E-18  -3.5515E-18   7.9631E-18   2.2550E-17   2.5436E-17   1.4741E-17  -6.0405E-19  -1.3621E-17  -2.0114E-17  -1.6865E-17   1.6361E-17 
 -1.7227E-14  -9.1786E-15  -5.1743E-15  -2.5604E-15  -1.1955E-15  -6.5231E-16  -4.0076E-16  -2.1369E-16  -1.2854E-16  -7.5304E-17  -7.5908E-18   5.5521E-17   1.0081E-16   1.1855E-16   8.9369E-17   4.3523E-17   2.1863E-17   1.5593E-17   9.1966E-18   2.6457E-18  -4.2643E-18  -8.6613E-18  -1.0503E-17  -1.0138E-17  -9.1267E-18  -8.1661E-18  -7.3884E-18  -6.8087E-18  -6.3822E-18  -6.0217E-18  -5.5961E-18  -5.1423E-18  -4.6683E-18  -2.6774E-18   6.0032E-18   1.7000E-17   1.9175E-17   1.1113E-17  -4.5538E-19  -1.0268E-17  -1.5163E-17  -1.2714E-17   1.2334E-17 
 -8.3893E-15  -4.4700E-15  -2.5199E-15  -1.2469E-15  -5.8220E-16  -3.1767E-16  -1.9517E-16  -1.0407E-16  -6.2598E-17  -3.6673E-17  -3.6967E-18   2.7039E-17   4.9094E-17   5.7732E-17   4.3523E-17   2.1195E-17   1.0647E-17   7.5939E-18   4.4787E-18   1.2884E-18  -2.0767E-18  -4.2180E-18  -5.1148E-18  -4.9373E-18  -4.4447E-18  -3.9769E-18  -3.5981E-18  -3.3158E-18  -3.1081E-18  -2.9326E-18  -2.7253E-18  -2.5043E-18  -2.2734E-18  -1.3039E-18   2.9235E-18   8.2790E-18   9.3383E-18   5.4119E-18  -2.2177E-19  -5.0006E-18  -7.3846E-18  -6.1917E-18   6.0066E-18 
 -4.2143E-15  -2.2454E-15  -1.2658E-15  -6.2638E-16  -2.9246E-16  -1.5958E-16  -9.8041E-17  -5.2278E-17  -3.1445E-17  -1.8422E-17  -1.8570E-18   1.3583E-17   2.4662E-17   2.9001E-17   2.1863E-17   1.0647E-17   5.3486E-18   3.8147E-18   2.2498E-18   6.4723E-19  -1.0432E-18  -2.1189E-18  -2.5694E-18  -2.4802E-18  -2.2327E-18  -1.9978E-18  -1.8075E-18  -1.6657E-18  -1.5613E-18  -1.4731E-18  -1.3690E-18  -1.2580E-18  -1.1420E-18  -6.5498E-19   1.4686E-18   4.1588E-18   4.6910E-18   2.7186E-18  -1.1140E-19  -2.5120E-18  -3.7096E-18  -3.1103E-18   3.0174E-18 
 -3.0057E-15  -1.6015E-15  -9.0283E-16  -4.4675E-16  -2.0859E-16  -1.1382E-16  -6.9926E-17  -3.7286E-17  -2.2428E-17  -1.3139E-17  -1.3245E-18   9.6875E-18   1.7589E-17   2.0684E-17   1.5593E-17   7.5939E-18   3.8147E-18   2.7208E-18   1.6046E-18   4.6162E-19  -7.4405E-19  -1.5112E-18  -1.8325E-18  -1.7689E-18  -1.5924E-18  -1.4248E-18  -1.2891E-18  -1.1880E-18  -1.1136E-18  -1.0507E-18  -9.7642E-19  -8.9724E-19  -8.1453E-19  -4.6715E-19   1.0475E-18   2.9662E-18   3.3458E-18   1.9390E-18  -7.9455E-20  -1.7916E-18  -2.6458E-18  -2.2184E-18   2.1521E-18 
 -1.7727E-15  -9.4453E-16  -5.3247E-16  -2.6348E-16  -1.2302E-16  -6.7127E-17  -4.1240E-17  -2.1990E-17  -1.3227E-17  -7.7492E-18  -7.8113E-19   5.7134E-18   1.0374E-17   1.2199E-17   9.1966E-18   4.4787E-18   2.2498E-18   1.6046E-18   9.4638E-19   2.7225E-19  -4.3882E-19  -8.9129E-19  -1.0808E-18  -1.0433E-18  -9.3919E-19  -8.4034E-19  -7.6031E-19  -7.0066E-19  -6.5676E-19  -6.1967E-19  -5.7587E-19  -5.2917E-19  -4.8039E-19  -2.7552E-19   6.1776E-19   1.7494E-18   1.9732E-18   1.1436E-18  -4.6861E-20  -1.0567E-18  -1.5604E-18  -1.3083E-18   1.2692E-18 
 -5.0998E-16  -2.7172E-16  -1.5318E-16  -7.5799E-17  -3.5391E-17  -1.9311E-17  -1.1864E-17  -6.3262E-18  -3.8052E-18  -2.2293E-18  -2.2472E-19   1.6436E-18   2.9844E-18   3.5094E-18   2.6457E-18   1.2884E-18   6.4723E-19   4.6162E-19   2.7225E-19   7.8322E-20  -1.2624E-19  -2.5641E-19  -3.1092E-19  -3.0013E-19  -2.7019E-19  -2.4175E-19  -2.1872E-19  -2.0157E-19  -1.8894E-19  -1.7827E-19  -1.6567E-19  -1.5223E-19  -1.3820E-19  -7.9260E-20   1.7772E-19   5.0327E-19   5.6766E-19   3.2898E-19  -1.3481E-20  -3.0398E-19  -4.4890E-19  -3.7638E-19   3.6513E-19 
  8.2199E-16   4.3797E-16   2.4690E-16   1.2217E-16   5.7044E-17   3.1126E-17   1.9123E-17   1.0197E-17   6.1333E-18   3.5932E-18   3.6220E-19  -2.6492E-18  -4.8102E-18  -5.6565E-18  -4.2643E-18  -2.0767E-18  -1.0432E-18  -7.4405E-19  -4.3882E-19  -1.2624E-19   2.0348E-19   4.1328E-19   5.0114E-19   4.8376E-19   4.3549E-19   3.8965E-19   3.5254E-19   3.2489E-19   3.0453E-19   2.8733E-19   2.6702E-19   2.4537E-19   2.2275E-19   1.2775E-19  -2.8645E-19  -8.1117E-19  -9.1497E-19  -5.3026E-19   2.1729E-20   4.8996E-19   7.2354E-19   6.0666E-19  -5.8853E-19 
  1.6695E-15   8.8955E-16   5.0147E-16   2.4815E-16   1.1586E-16   6.3219E-17   3.8840E-17   2.0710E-17   1.2457E-17   7.2981E-18   7.3566E-19  -5.3809E-18  -9.7700E-18  -1.1489E-17  -8.6613E-18  -4.2180E-18  -2.1189E-18  -1.5112E-18  -8.9129E-19  -2.5641E-19   4.1328E-19   8.3941E-19   1.0179E-18   9.8256E-19   8.8452E-19   7.9143E-19   7.1605E-19   6.5987E-19   6.1853E-19   5.8360E-19   5.4235E-19   4.9837E-19   4.5243E-19   2.5948E-19  -5.8180E-19  -1.6476E-18  -1.8584E-18  -1.0770E-18   4.4133E-20   9.9515E-19   1.4696E-18   1.2322E-18  -1.1954E-18 
  2.0245E-15   1.0787E-15   6.0809E-16   3.0090E-16   1.4049E-16   7.6660E-17   4.7097E-17   2.5113E-17   1.5106E-17   8.8497E-18   8.9207E-19  -6.5249E-18  -1.1847E-17  -1.3932E-17  -1.0503E-17  -5.1148E-18  -2.5694E-18  -1.8325E-18  -1.0808E-18  -3.1092E-19   5.0114E-19   1.0179E-18   1.2343E-18   1.1915E-18   1.0726E-18   9.5969E-19   8.6828E-19   8.0017E-19   7.5003E-19   7.0767E-19   6.5765E-19   6.0432E-19   5.4862E-19   3.1464E-19  -7.0550E-19  -1.9978E-18  -2.2535E-18  -1.3060E-18   5.3516E-20   1.2067E-18   1.7820E-18   1.4942E-18  -1.4495E-18 
  1.9542E-15   1.0412E-15   5.8699E-16   2.9046E-16   1.3562E-16   7.4000E-17   4.5463E-17   2.4242E-17   1.4582E-17   8.5427E-18   8.6112E-19  -6.2985E-18  -1.1436E-17  -1.3448E-17  -1.0138E-17  -4.9373E-18  -2.4802E-18  -1.7689E-18  -1.0433E-18  -3.0013E-19   4.8376E-19   9.8256E-19   1.1915E-18   1.1501E-18   1.0354E-18   9.2639E-19   8.3816E-19   7.7240E-19   7.2401E-19   6.8312E-19   6.3484E-19   5.8335E-19   5.2958E-19   3.0373E-19  -6.8102E-19  -1.9285E-18  -2.1753E-18  -1.2607E-18   5.1659E-20   1.1649E-18   1.7202E-18   1.4423E-18  -1.3992E-18 
  1.7592E-15   9.3735E-16   5.2842E-16   2.6148E-16   1.2209E-16   6.6616E-17   4.0927E-17   2.1823E-17   1.3127E-17   7.6903E-18   7.7520E-19  -5.6700E-18  -1.0295E-17  -1.2106E-17  -9.1267E-18  -4.4447E-18  -2.2327E-18  -1.5924E-18  -9.3919E-19  -2.7019E-19   4.3549E-19   8.8452E-19   1.0726E-18   1.0354E-18   9.3205E-19   8.3395E-19   7.5453E-19   6.9533E-19   6.5177E-19   6.1496E-19   5.7149E-19   5.2515E-19   4.7674E-19   2.7342E-19  -6.1307E-19  -1.7361E-18  -1.9582E-18  -1.1349E-18   4.6505E-20   1.0486E-18   1.5485E-18   1.2984E-18  -1.2596E-18 
  1.5741E-15   8.3870E-16   4.7281E-16   2.3396E-16   1.0924E-16   5.9605E-17   3.6620E-17   1.9526E-17   1.1745E-17   6.8809E-18   6.9361E-19  -5.0733E-18  -9.2115E-18  -1.0832E-17  -8.1661E-18  -3.9769E-18  -1.9978E-18  -1.4248E-18  -8.4034E-19  -2.4175E-19   3.8965E-19   7.9143E-19   9.5969E-19   9.2639E-19   8.3395E-19   7.4618E-19   6.7512E-19   6.2215E-19   5.8317E-19   5.5024E-19   5.1135E-19   4.6988E-19   4.2657E-19   2.4464E-19  -5.4854E-19  -1.5534E-18  -1.7522E-18  -1.0154E-18   4.1610E-20   9.3826E-19   1.3856E-18   1.1617E-18  -1.1270E-18 
  1.4242E-15   7.5882E-16   4.2777E-16   2.1168E-16   9.8834E-17   5.3928E-17   3.3132E-17   1.7667E-17   1.0627E-17   6.2256E-18   6.2755E-19  -4.5901E-18  -8.3342E-18  -9.8005E-18  -7.3884E-18  -3.5981E-18  -1.8075E-18  -1.2891E-18  -7.6031E-19  -2.1872E-19   3.5254E-19   7.1605E-19   8.6828E-19   8.3816E-19   7.5453E-19   6.7512E-19   6.1082E-19   5.6290E-19   5.2763E-19   4.9783E-19   4.6264E-19   4.2513E-19   3.8594E-19   2.2134E-19  -4.9630E-19  -1.4054E-18  -1.5853E-18  -9.1873E-19   3.7647E-20   8.4890E-19   1.2536E-18   1.0511E-18  -1.0197E-18 
  1.3124E-15   6.9929E-16   3.9421E-16   1.9507E-16   9.1080E-17   4.9698E-17   3.0533E-17   1.6281E-17   9.7929E-18   5.7372E-18   5.7832E-19  -4.2300E-18  -7.6803E-18  -9.0317E-18  -6.8087E-18  -3.3158E-18  -1.6657E-18  -1.1880E-18  -7.0066E-19  -2.0157E-19   3.2489E-19   6.5987E-19   8.0017E-19   7.7240E-19   6.9533E-19   6.2215E-19   5.6290E-19   5.1874E-19   4.8624E-19   4.5878E-19   4.2635E-19   3.9177E-19   3.5566E-19   2.0398E-19  -4.5736E-19  -1.2952E-18  -1.4609E-18  -8.4665E-19   3.4694E-20   7.8230E-19   1.1553E-18   9.6864E-19  -9.3969E-19 
  1.2302E-15   6.5548E-16   3.6952E-16   1.8285E-16   8.5374E-17   4.6584E-17   2.8620E-17   1.5261E-17   9.1794E-18   5.3777E-18   5.4208E-19  -3.9650E-18  -7.1992E-18  -8.4658E-18  -6.3822E-18  -3.1081E-18  -1.5613E-18  -1.1136E-18  -6.5676E-19  -1.8894E-19   3.0453E-19   6.1853E-19   7.5003E-19   7.2401E-19   6.5177E-19   5.8317E-19   5.2763E-19   4.8624E-19   4.5577E-19   4.3003E-19   3.9964E-19   3.6723E-19   3.3338E-19   1.9120E-19  -4.2871E-19  -1.2140E-18  -1.3694E-18  -7.9361E-19   3.2520E-20   7.3329E-19   1.0829E-18   9.0795E-19  -8.8081E-19 
  1.1607E-15   6.1846E-16   3.4865E-16   1.7252E-16   8.0552E-17   4.3953E-17   2.7003E-17   1.4399E-17   8.6610E-18   5.0740E-18   5.1147E-19  -3.7410E-18  -6.7926E-18  -7.9877E-18  -6.0217E-18  -2.9326E-18  -1.4731E-18  -1.0507E-18  -6.1967E-19  -1.7827E-19   2.8733E-19   5.8360E-19   7.0767E-19   6.8312E-19   6.1496E-19   5.5024E-19   4.9783E-19   4.5878E-19   4.3003E-19   4.0575E-19   3.7707E-19   3.4649E-19   3.1455E-19   1.8040E-19  -4.0450E-19  -1.1455E-18  -1.2920E-18  -7.4879E-19   3.0684E-20   6.9187E-19   1.0217E-18   8.5667E-19  -8.3107E-19 
  1.0787E-15   5.7474E-16   3.2400E-16   1.6033E-16   7.4859E-17   4.0846E-17   2.5095E-17   1.3381E-17   8.0488E-18   4.7154E-18   4.7532E-19  -3.4766E-18  -6.3125E-18  -7.4231E-18  -5.5961E-18  -2.7253E-18  -1.3690E-18  -9.7642E-19  -5.7587E-19  -1.6567E-19   2.6702E-19   5.4235E-19   6.5765E-19   6.3484E-19   5.7149E-19   5.1135E-19   4.6264E-19   4.2635E-19   3.9964E-19   3.7707E-19   3.5042E-19   3.2200E-19   2.9232E-19   1.6765E-19  -3.7591E-19  -1.0645E-18  -1.2007E-18  -6.9586E-19   2.8515E-20   6.4297E-19   9.4950E-19   7.9612E-19  -7.7233E-19 
  9.9122E-16   5.2814E-16   2.9773E-16   1.4733E-16   6.8788E-17   3.7534E-17   2.3060E-17   1.2296E-17   7.3961E-18   4.3330E-18   4.3677E-19  -3.1947E-18  -5.8006E-18  -6.8211E-18  -5.1423E-18  -2.5043E-18  -1.2580E-18  -8.9724E-19  -5.2917E-19  -1.5223E-19   2.4537E-19   4.9837E-19   6.0432E-19   5.8335E-19   5.2515E-19   4.6988E-19   4.2513E-19   3.9177E-19   3.6723E-19   3.4649E-19   3.2200E-19   2.9589E-19   2.6861E-19   1.5405E-19  -3.4542E-19  -9.7818E-19  -1.1033E-18  -6.3943E-19   2.6202E-20   5.9083E-19   8.7250E-19   7.3156E-19  -7.0970E-19 
  8.9985E-16   4.7945E-16   2.7029E-16   1.3375E-16   6.2447E-17   3.4074E-17   2.0934E-17   1.1163E-17   6.7143E-18   3.9336E-18   3.9651E-19  -2.9002E-18  -5.2659E-18  -6.1924E-18  -4.6683E-18  -2.2734E-18  -1.1420E-18  -8.1453E-19  -4.8039E-19  -1.3820E-19   2.2275E-19   4.5243E-19   5.4862E-19   5.2958E-19   4.7674E-19   4.2657E-19   3.8594E-19   3.5566E-19   3.3338E-19   3.1455E-19   2.9232E-19   2.6861E-19   2.4385E-19   1.3985E-19  -3.1358E-19  -8.8801E-19  -1.0016E-18  -5.8049E-19   2.3787E-20   5.3637E-19   7.9208E-19   6.6413E-19  -6.4428E-19 
  5.1608E-16   2.7498E-16   1.5501E-16   7.6707E-17   3.5815E-17   1.9542E-17   1.2006E-17   6.4020E-18   3.8508E-18   2.2560E-18   2.2741E-19  -1.6633E-18  -3.0201E-18  -3.5515E-18  -2.6774E-18  -1.3039E-18  -6.5498E-19  -4.6715E-19  -2.7552E-19  -7.9260E-20   1.2775E-19   2.5948E-19   3.1464E-19   3.0373E-19   2.7342E-19   2.4464E-19   2.2134E-19   2.0398E-19   1.9120E-19   1.8040E-19   1.6765E-19   1.5405E-19   1.3985E-19   8.0210E-20  -1.7985E-19  -5.0929E-19  -5.7446E-19  -3.3292E-19   1.3642E-20   3.0762E-19   4.5427E-19   3.8089E-19  -3.6951E-19 
 -1.1572E-15  -6.1656E-16  -3.4758E-16  -1.7199E-16  -8.0305E-17  -4.3818E-17  -2.6920E-17  -1.4355E-17  -8.6343E-18  -5.0584E-18  -5.0990E-19   3.7295E-18   6.7717E-18   7.9631E-18   6.0032E-18   2.9235E-18   1.4686E-18   1.0475E-18   6.1776E-19   1.7772E-19  -2.8645E-19  -5.8180E-19  -7.0550E-19  -6.8102E-19  -6.1307E-19  -5.4854E-19  -4.9630E-19  -4.5736E-19  -4.2871E-19  -4.0450E-19  -3.7591E-19  -3.4542E-19  -3.1358E-19  -1.7985E-19   4.0325E-19   1.1419E-18   1.2881E-18   7.4649E-19  -3.0589E-20  -6.8975E-19  -1.0186E-18  -8.5404E-19   8.2851E-19 
 -3.2769E-15  -1.7460E-15  -9.8427E-16  -4.8705E-16  -2.2741E-16  -1.2408E-16  -7.6233E-17  -4.0649E-17  -2.4451E-17  -1.4324E-17  -1.4439E-18   1.0561E-17   1.9176E-17   2.2550E-17   1.7000E-17   8.2790E-18   4.1588E-18   2.9662E-18   1.7494E-18   5.0327E-19  -8.1117E-19  -1.6476E-18  -1.9978E-18  -1.9285E-18  -1.7361E-18  -1.5534E-18  -1.4054E-18  -1.2952E-18  -1.2140E-18  -1.1455E-18  -1.0645E-18  -9.7818E-19  -8.8801E-19  -5.0929E-19   1.1419E-18   3.2338E-18   3.6476E-18   2.1139E-18  -8.6623E-20  -1.9532E-18  -2.8844E-18  -2.4185E-18   2.3462E-18 
 -3.6962E-15  -1.9694E-15  -1.1102E-15  -5.4938E-16  -2.5651E-16  -1.3996E-16  -8.5988E-17  -4.5851E-17  -2.7580E-17  -1.6157E-17  -1.6287E-18   1.1913E-17   2.1630E-17   2.5436E-17   1.9175E-17   9.3383E-18   4.6910E-18   3.3458E-18   1.9732E-18   5.6766E-19  -9.1497E-19  -1.8584E-18  -2.2535E-18  -2.1753E-18  -1.9582E-18  -1.7522E-18  -1.5853E-18  -1.4609E-18  -1.3694E-18  -1.2920E-18  -1.2007E-18  -1.1033E-18  -1.0016E-18  -5.7446E-19   1.2881E-18   3.6476E-18   4.1143E-18   2.3844E-18  -9.7707E-20  -2.2032E-18  -3.2535E-18  -2.7279E-18   2.6464E-18 
 -2.1421E-15  -1.1413E-15  -6.4342E-16  -3.1839E-16  -1.4866E-16  -8.1114E-17  -4.9834E-17  -2.6573E-17  -1.5984E-17  -9.3639E-18  -9.4390E-19   6.9039E-18   1.2535E-17   1.4741E-17   1.1113E-17   5.4119E-18   2.7186E-18   1.9390E-18   1.1436E-18   3.2898E-19  -5.3026E-19  -1.0770E-18  -1.3060E-18  -1.2607E-18  -1.1349E-18  -1.0154E-18  -9.1873E-19  -8.4665E-19  -7.9361E-19  -7.4879E-19  -6.9586E-19  -6.3943E-19  -5.8049E-19  -3.3292E-19   7.4649E-19   2.1139E-18   2.3844E-18   1.3819E-18  -5.6625E-20  -1.2768E-18  -1.8855E-18  -1.5810E-18   1.5337E-18 
  8.7778E-17   4.6769E-17   2.6366E-17   1.3047E-17   6.0916E-18   3.3238E-18   2.0421E-18   1.0889E-18   6.5496E-19   3.8371E-19   3.8679E-20  -2.8291E-19  -5.1367E-19  -6.0405E-19  -4.5538E-19  -2.2177E-19  -1.1140E-19  -7.9455E-20  -4.6861E-20  -1.3481E-20   2.1729E-20   4.4133E-20   5.3516E-20   5.1659E-20   4.6505E-20   4.1610E-20   3.7647E-20   3.4694E-20   3.2520E-20   3.0684E-20   2.8515E-20   2.6202E-20   2.3787E-20   1.3642E-20  -3.0589E-20  -8.6623E-20  -9.7707E-20  -5.6625E-20   2.3204E-21   5.2321E-20   7.7265E-20   6.4784E-20  -6.2847E-20 
  1.9793E-15   1.0546E-15   5.9451E-16   2.9419E-16   1.3736E-16   7.4948E-17   4.6046E-17   2.4553E-17   1.4769E-17   8.6522E-18   8.7215E-19  -6.3792E-18  -1.1583E-17  -1.3621E-17  -1.0268E-17  -5.0006E-18  -2.5120E-18  -1.7916E-18  -1.0567E-18  -3.0398E-19   4.8996E-19   9.9515E-19   1.2067E-18   1.1649E-18   1.0486E-18   9.3826E-19   8.4890E-19   7.8230E-19   7.3329E-19   6.9187E-19   6.4297E-19   5.9083E-19   5.3637E-19   3.0762E-19  -6.8975E-19  -1.9532E-18  -2.2032E-18  -1.2768E-18   5.2321E-20   1.1798E-18   1.7422E-18   1.4608E-18  -1.4171E-18 
  2.9229E-15   1.5574E-15   8.7794E-16   4.3443E-16   2.0284E-16   1.1068E-16   6.7998E-17   3.6258E-17   2.1809E-17   1.2777E-17   1.2879E-18  -9.4204E-18  -1.7105E-17  -2.0114E-17  -1.5163E-17  -7.3846E-18  -3.7096E-18  -2.6458E-18  -1.5604E-18  -4.4890E-19   7.2354E-19   1.4696E-18   1.7820E-18   1.7202E-18   1.5485E-18   1.3856E-18   1.2536E-18   1.1553E-18   1.0829E-18   1.0217E-18   9.4950E-19   8.7250E-19   7.9208E-19   4.5427E-19  -1.0186E-18  -2.8844E-18  -3.2535E-18  -1.8855E-18   7.7265E-20   1.7422E-18   2.5728E-18   2.1572E-18  -2.0927E-18 
  2.4507E-15   1.3058E-15   7.3612E-16   3.6426E-16   1.7007E-16   9.2800E-17   5.7014E-17   3.0401E-17   1.8286E-17   1.0713E-17   1.0799E-18  -7.8986E-18  -1.4342E-17  -1.6865E-17  -1.2714E-17  -6.1917E-18  -3.1103E-18  -2.2184E-18  -1.3083E-18  -3.7638E-19   6.0666E-19   1.2322E-18   1.4942E-18   1.4423E-18   1.2984E-18   1.1617E-18   1.0511E-18   9.6864E-19   9.0795E-19   8.5667E-19   7.9612E-19   7.3156E-19   6.6413E-19   3.8089E-19  -8.5404E-19  -2.4185E-18  -2.7279E-18  -1.5810E-18   6.4784E-20   1.4608E-18   2.1572E-18   1.8087E-18  -1.7547E-18 
 -2.3775E-15  -1.2668E-15  -7.1412E-16  -3.5337E-16  -1.6499E-16  -9.0027E-17  -5.5310E-17  -2.9492E-17  -1.7740E-17  -1.0393E-17  -1.0476E-18   7.6626E-18   1.3913E-17   1.6361E-17   1.2334E-17   6.0066E-18   3.0174E-18   2.1521E-18   1.2692E-18   3.6513E-19  -5.8853E-19  -1.1954E-18  -1.4495E-18  -1.3992E-18  -1.2596E-18  -1.1270E-18  -1.0197E-18  -9.3969E-19  -8.8081E-19  -8.3107E-19  -7.7233E-19  -7.0970E-19  -6.4428E-19  -3.6951E-19   8.2851E-19   2.3462E-18   2.6464E-18   1.5337E-18  -6.2847E-20  -1.4171E-18  -2.0927E-18  -1.7547E-18   1.7022E-18 


curvature
  6.0888E-20   9.4150E-20   7.0012E-20   9.6047E-20   8.8365E-20   6.5012E-20   4.9556E-20   4.6890E-20   4.1449E-20   3.5591E-20   3.4007E-20   3.4828E-20   3.5167E-20   3.3063E-20   2.6941E-20   1.9776E-20   1.5618E-20   1.3303E-20   1.0933E-20   8.4288E-21   5.7838E-21   3.6596E-21   2.1465E-21   1.3210E-21   9.1871E-22   7.1202E-22   5.8709E-22   1.9434E-22  -4.3602E-22  -1.4632E-21  -3.4675E-21  -7.0939E-21  -1.3305E-20  -2.6366E-20  -5.9118E-20  -9.9278E-20  -9.8650E-20  -3.1119E-20   8.8419E-20   2.2346E-19   3.2324E-19   2.5192E-19  -4.6953E-19 
  9.4150E-20   1.4558E-19   1.0826E-19   1.4852E-19   1.3664E-19   1.0053E-19   7.6627E-20   7.2505E-20   6.4091E-20   5.5034E-20   5.2584E-20   5.3854E-20   5.4378E-20   5.1124E-20   4.1658E-20   3.0579E-20   2.4150E-20   2.0570E-20   1.6906E-20   1.3033E-20   8.9433E-21   5.6587E-21   3.3191E-21   2.0427E-21   1.4206E-21   1.1010E-21   9.0780E-22   3.0051E-22  -6.7421E-22  -2.2625E-21  -5.3618E-21  -1.0969E-20  -2.0574E-20  -4.0770E-20  -9.1413E-20  -1.5351E-19  -1.5254E-19  -4.8119E-20   1.3672E-19   3.4553E-19   4.9983E-19   3.8954E-19  -7.2603E-19 
  7.0012E-20   1.0826E-19   8.0502E-20   1.1044E-19   1.0161E-19   7.4753E-20   5.6981E-20   5.3915E-20   4.7659E-20   4.0924E-20   3.9102E-20   4.0047E-20   4.0436E-20   3.8017E-20   3.0977E-20   2.2739E-20   1.7958E-20   1.5296E-20   1.2572E-20   9.6917E-21   6.6504E-21   4.2079E-21   2.4681E-21   1.5190E-21   1.0564E-21   8.1870E-22   6.7506E-22   2.2346E-22  -5.0135E-22  -1.6824E-21  -3.9871E-21  -8.1568E-21  -1.5299E-20  -3.0317E-20  -6.7976E-20  -1.1415E-19  -1.1343E-19  -3.5782E-20   1.0167E-19   2.5694E-19   3.7168E-19   2.8967E-19  -5.3988E-19 
  9.6047E-20   1.4852E-19   1.1044E-19   1.5151E-19   1.3939E-19   1.0255E-19   7.8171E-20   7.3966E-20   6.5383E-20   5.6142E-20   5.3644E-20   5.4940E-20   5.5473E-20   5.2154E-20   4.2497E-20   3.1195E-20   2.4636E-20   2.0984E-20   1.7247E-20   1.3296E-20   9.1235E-21   5.7728E-21   3.3860E-21   2.0838E-21   1.4492E-21   1.1232E-21   9.2610E-22   3.0656E-22  -6.8779E-22  -2.3081E-21  -5.4698E-21  -1.1190E-20  -2.0988E-20  -4.1591E-20  -9.3255E-20  -1.5660E-19  -1.5561E-19  -4.9089E-20   1.3948E-19   3.5249E-19   5.0990E-19   3.9739E-19  -7.4066E-19 
  8.8365E-20   1.3664E-19   1.0161E-19   1.3939E-19   1.2824E-19   9.4350E-20   7.1919E-20   6.8050E-20   6.0153E-20   5.1652E-20   4.9353E-20   5.0545E-20   5.1037E-20   4.7983E-20   3.9098E-20   2.8700E-20   2.2666E-20   1.9306E-20   1.5867E-20   1.2232E-20   8.3938E-21   5.3111E-21   3.1151E-21   1.9172E-21   1.3333E-21   1.0333E-21   8.5203E-22   2.8205E-22  -6.3278E-22  -2.1235E-21  -5.0323E-21  -1.0295E-20  -1.9310E-20  -3.8265E-20  -8.5797E-20  -1.4408E-19  -1.4317E-19  -4.5162E-20   1.2832E-19   3.2430E-19   4.6911E-19   3.6561E-19  -6.8142E-19 
  6.5012E-20   1.0053E-19   7.4753E-20   1.0255E-19   9.4350E-20   6.9415E-20   5.2912E-20   5.0065E-20   4.4256E-20   3.8001E-20   3.6310E-20   3.7187E-20   3.7548E-20   3.5302E-20   2.8765E-20   2.1115E-20   1.6676E-20   1.4204E-20   1.1674E-20   8.9996E-21   6.1755E-21   3.9074E-21   2.2919E-21   1.4105E-21   9.8093E-22   7.6024E-22   6.2685E-22   2.0751E-22  -4.6555E-22  -1.5623E-21  -3.7024E-21  -7.5743E-21  -1.4206E-20  -2.8152E-20  -6.3122E-20  -1.0600E-19  -1.0533E-19  -3.3227E-20   9.4407E-20   2.3859E-19   3.4514E-19   2.6898E-19  -5.0133E-19 
  4.9556E-20   7.6627E-20   5.6981E-20   7.8171E-20   7.1919E-20   5.2912E-20   4.0332E-20   3.8162E-20   3.3734E-20   2.8967E-20   2.7678E-20   2.8346E-20   2.8621E-20   2.6909E-20   2.1927E-20   1.6095E-20   1.2711E-20   1.0827E-20   8.8985E-21   6.8600E-21   4.7073E-21   2.9785E-21   1.7470E-21   1.0752E-21   7.4772E-22   5.7949E-22   4.7782E-22   1.5817E-22  -3.5487E-22  -1.1909E-21  -2.8222E-21  -5.7736E-21  -1.0829E-20  -2.1459E-20  -4.8115E-20  -8.0800E-20  -8.0289E-20  -2.5327E-20   7.1962E-20   1.8187E-19   2.6308E-19   2.0503E-19  -3.8214E-19 
  4.6890E-20   7.2505E-20   5.3915E-20   7.3966E-20   6.8050E-20   5.0065E-20   3.8162E-20   3.6110E-20   3.1919E-20   2.7408E-20   2.6189E-20   2.6821E-20   2.7082E-20   2.5461E-20   2.0747E-20   1.5229E-20   1.2027E-20   1.0244E-20   8.4198E-21   6.4910E-21   4.4540E-21   2.8182E-21   1.6530E-21   1.0173E-21   7.0749E-22   5.4832E-22   4.5211E-22   1.4966E-22  -3.3578E-22  -1.1268E-21  -2.6703E-21  -5.4630E-21  -1.0246E-20  -2.0305E-20  -4.5527E-20  -7.6454E-20  -7.5970E-20  -2.3965E-20   6.8091E-20   1.7208E-19   2.4893E-19   1.9400E-19  -3.6158E-19 
  4.1449E-20   6.4091E-20   4.7659E-20   6.5383E-20   6.0153E-20   4.4256E-20   3.3734E-20   3.1919E-20   2.8216E-20   2.4228E-20   2.3150E-20   2.3709E-20   2.3939E-20   2.2507E-20   1.8340E-20   1.3462E-20   1.0632E-20   9.0557E-21   7.4428E-21   5.7378E-21   3.9372E-21   2.4912E-21   1.4612E-21   8.9927E-22   6.2540E-22   4.8470E-22   3.9965E-22   1.3230E-22  -2.9681E-22  -9.9604E-22  -2.3605E-21  -4.8291E-21  -9.0574E-21  -1.7949E-20  -4.0244E-20  -6.7582E-20  -6.7154E-20  -2.1184E-20   6.0190E-20   1.5212E-19   2.2004E-19   1.7149E-19  -3.1963E-19 
  3.5591E-20   5.5034E-20   4.0924E-20   5.6142E-20   5.1652E-20   3.8001E-20   2.8967E-20   2.7408E-20   2.4228E-20   2.0804E-20   1.9878E-20   2.0358E-20   2.0556E-20   1.9326E-20   1.5748E-20   1.1560E-20   9.1291E-21   7.7759E-21   6.3909E-21   4.9269E-21   3.3808E-21   2.1391E-21   1.2547E-21   7.7218E-22   5.3701E-22   4.1619E-22   3.4317E-22   1.1360E-22  -2.5487E-22  -8.5528E-22  -2.0269E-21  -4.1466E-21  -7.7773E-21  -1.5412E-20  -3.4556E-20  -5.8031E-20  -5.7664E-20  -1.8190E-20   5.1684E-20   1.3062E-19   1.8895E-19   1.4726E-19  -2.7445E-19 
  3.4007E-20   5.2584E-20   3.9102E-20   5.3644E-20   4.9353E-20   3.6310E-20   2.7678E-20   2.6189E-20   2.3150E-20   1.9878E-20   1.8993E-20   1.9452E-20   1.9641E-20   1.8466E-20   1.5047E-20   1.1045E-20   8.7229E-21   7.4298E-21   6.1065E-21   4.7076E-21   3.2303E-21   2.0439E-21   1.1989E-21   7.3782E-22   5.1311E-22   3.9767E-22   3.2790E-22   1.0854E-22  -2.4352E-22  -8.1721E-22  -1.9367E-21  -3.9621E-21  -7.4312E-21  -1.4726E-20  -3.3019E-20  -5.5448E-20  -5.5097E-20  -1.7381E-20   4.9383E-20   1.2480E-19   1.8054E-19   1.4070E-19  -2.6224E-19 
  3.4828E-20   5.3854E-20   4.0047E-20   5.4940E-20   5.0545E-20   3.7187E-20   2.8346E-20   2.6821E-20   2.3709E-20   2.0358E-20   1.9452E-20   1.9922E-20   2.0116E-20   1.8912E-20   1.5410E-20   1.1312E-20   8.9336E-21   7.6093E-21   6.2540E-21   4.8213E-21   3.3083E-21   2.0933E-21   1.2278E-21   7.5564E-22   5.2551E-22   4.0728E-22   3.3582E-22   1.1117E-22  -2.4940E-22  -8.3695E-22  -1.9835E-21  -4.0577E-21  -7.6107E-21  -1.5082E-20  -3.3816E-20  -5.6788E-20  -5.6428E-20  -1.7800E-20   5.0576E-20   1.2782E-19   1.8490E-19   1.4410E-19  -2.6857E-19 
  3.5167E-20   5.4378E-20   4.0436E-20   5.5473E-20   5.1037E-20   3.7548E-20   2.8621E-20   2.7082E-20   2.3939E-20   2.0556E-20   1.9641E-20   2.0116E-20   2.0311E-20   1.9096E-20   1.5560E-20   1.1422E-20   9.0203E-21   7.6832E-21   6.3147E-21   4.8682E-21   3.3405E-21   2.1136E-21   1.2397E-21   7.6298E-22   5.3061E-22   4.1123E-22   3.3908E-22   1.1225E-22  -2.5183E-22  -8.4508E-22  -2.0027E-21  -4.0972E-21  -7.6846E-21  -1.5228E-20  -3.4145E-20  -5.7339E-20  -5.6976E-20  -1.7973E-20   5.1068E-20   1.2906E-19   1.8669E-19   1.4550E-19  -2.7118E-19 
  3.3063E-20   5.1124E-20   3.8017E-20   5.2154E-20   4.7983E-20   3.5302E-20   2.6909E-20   2.5461E-20   2.2507E-20   1.9326E-20   1.8466E-20   1.8912E-20   1.9096E-20   1.7953E-20   1.4629E-20   1.0739E-20   8.4807E-21   7.2235E-21   5.9369E-21   4.5769E-21   3.1406E-21   1.9872E-21   1.1656E-21   7.1733E-22   4.9887E-22   3.8663E-22   3.1879E-22   1.0553E-22  -2.3676E-22  -7.9452E-22  -1.8829E-21  -3.8520E-21  -7.2249E-21  -1.4317E-20  -3.2102E-20  -5.3909E-20  -5.3567E-20  -1.6898E-20   4.8012E-20   1.2134E-19   1.7552E-19   1.3679E-19  -2.5496E-19 
  2.6941E-20   4.1658E-20   3.0977E-20   4.2497E-20   3.9098E-20   2.8765E-20   2.1927E-20   2.0747E-20   1.8340E-20   1.5748E-20   1.5047E-20   1.5410E-20   1.5560E-20   1.4629E-20   1.1920E-20   8.7501E-21   6.9104E-21   5.8860E-21   4.8376E-21   3.7294E-21   2.5591E-21   1.6192E-21   9.4975E-22   5.8451E-22   4.0650E-22   3.1504E-22   2.5977E-22   8.5990E-23  -1.9292E-22  -6.4741E-22  -1.5343E-21  -3.1388E-21  -5.8871E-21  -1.1666E-20  -2.6158E-20  -4.3927E-20  -4.3649E-20  -1.3769E-20   3.9122E-20   9.8872E-20   1.4302E-19   1.1147E-19  -2.0775E-19 
  1.9776E-20   3.0579E-20   2.2739E-20   3.1195E-20   2.8700E-20   2.1115E-20   1.6095E-20   1.5229E-20   1.3462E-20   1.1560E-20   1.1045E-20   1.1312E-20   1.1422E-20   1.0739E-20   8.7501E-21   6.4231E-21   5.0726E-21   4.3206E-21   3.5511E-21   2.7376E-21   1.8785E-21   1.1886E-21   6.9716E-22   4.2906E-22   2.9839E-22   2.3126E-22   1.9068E-22   6.3121E-23  -1.4162E-22  -4.7523E-22  -1.1262E-21  -2.3040E-21  -4.3214E-21  -8.5636E-21  -1.9201E-20  -3.2245E-20  -3.2041E-20  -1.0107E-20   2.8718E-20   7.2577E-20   1.0499E-19   8.1822E-20  -1.5250E-19 
  1.5618E-20   2.4150E-20   1.7958E-20   2.4636E-20   2.2666E-20   1.6676E-20   1.2711E-20   1.2027E-20   1.0632E-20   9.1291E-21   8.7229E-21   8.9336E-21   9.0203E-21   8.4807E-21   6.9104E-21   5.0726E-21   4.0060E-21   3.4122E-21   2.8044E-21   2.1620E-21   1.4835E-21   9.3869E-22   5.5058E-22   3.3885E-22   2.3565E-22   1.8263E-22   1.5059E-22   4.9849E-23  -1.1184E-22  -3.7531E-22  -8.8943E-22  -1.8196E-21  -3.4128E-21  -6.7630E-21  -1.5164E-20  -2.5465E-20  -2.5304E-20  -7.9821E-21   2.2680E-20   5.7317E-20   8.2913E-20   6.4618E-20  -1.2044E-19 
  1.3303E-20   2.0570E-20   1.5296E-20   2.0984E-20   1.9306E-20   1.4204E-20   1.0827E-20   1.0244E-20   9.0557E-21   7.7759E-21   7.4298E-21   7.6093E-21   7.6832E-21   7.2235E-21   5.8860E-21   4.3206E-21   3.4122E-21   2.9064E-21   2.3887E-21   1.8415E-21   1.2636E-21   7.9954E-22   4.6897E-22   2.8862E-22   2.0072E-22   1.5556E-22   1.2827E-22   4.2460E-23  -9.5261E-23  -3.1968E-22  -7.5759E-22  -1.5499E-21  -2.9069E-21  -5.7605E-21  -1.2916E-20  -2.1690E-20  -2.1553E-20  -6.7989E-21   1.9318E-20   4.8821E-20   7.0622E-20   5.5040E-20  -1.0258E-19 
  1.0933E-20   1.6906E-20   1.2572E-20   1.7247E-20   1.5867E-20   1.1674E-20   8.8985E-21   8.4198E-21   7.4428E-21   6.3909E-21   6.1065E-21   6.2540E-21   6.3147E-21   5.9369E-21   4.8376E-21   3.5511E-21   2.8044E-21   2.3887E-21   1.9633E-21   1.5135E-21   1.0386E-21   6.5714E-22   3.8544E-22   2.3721E-22   1.6497E-22   1.2785E-22   1.0542E-22   3.4897E-23  -7.8294E-23  -2.6274E-22  -6.2265E-22  -1.2738E-21  -2.3892E-21  -4.7345E-21  -1.0616E-20  -1.7827E-20  -1.7714E-20  -5.5879E-21   1.5877E-20   4.0125E-20   5.8043E-20   4.5236E-20  -8.4312E-20 
  8.4288E-21   1.3033E-20   9.6917E-21   1.3296E-20   1.2232E-20   8.9996E-21   6.8600E-21   6.4910E-21   5.7378E-21   4.9269E-21   4.7076E-21   4.8213E-21   4.8682E-21   4.5769E-21   3.7294E-21   2.7376E-21   2.1620E-21   1.8415E-21   1.5135E-21   1.1668E-21   8.0065E-22   5.0660E-22   2.9714E-22   1.8287E-22   1.2718E-22   9.8565E-23   8.1271E-23   2.6903E-23  -6.0358E-23  -2.0255E-22  -4.8001E-22  -9.8201E-22  -1.8419E-21  -3.6499E-21  -8.1838E-21  -1.3743E-20  -1.3656E-20  -4.3079E-21   1.2240E-20   3.0933E-20   4.4747E-20   3.4874E-20  -6.4998E-20 
  5.7838E-21   8.9433E-21   6.6504E-21   9.1235E-21   8.3938E-21   6.1755E-21   4.7073E-21   4.4540E-21   3.9372E-21   3.3808E-21   3.2303E-21   3.3083E-21   3.3405E-21   3.1406E-21   2.5591E-21   1.8785E-21   1.4835E-21   1.2636E-21   1.0386E-21   8.0065E-22   5.4940E-22   3.4762E-22   2.0390E-22   1.2548E-22   8.7268E-23   6.7634E-23   5.5768E-23   1.8461E-23  -4.1417E-23  -1.3899E-22  -3.2938E-22  -6.7385E-22  -1.2639E-21  -2.5045E-21  -5.6156E-21  -9.4304E-21  -9.3707E-21  -2.9560E-21   8.3989E-21   2.1226E-20   3.0705E-20   2.3930E-20  -4.4601E-20 
  3.6596E-21   5.6587E-21   4.2079E-21   5.7728E-21   5.3111E-21   3.9074E-21   2.9785E-21   2.8182E-21   2.4912E-21   2.1391E-21   2.0439E-21   2.0933E-21   2.1136E-21   1.9872E-21   1.6192E-21   1.1886E-21   9.3869E-22   7.9954E-22   6.5714E-22   5.0660E-22   3.4762E-22   2.1995E-22   1.2901E-22   7.9398E-23   5.5218E-23   4.2795E-23   3.5286E-23   1.1681E-23  -2.6206E-23  -8.7943E-23  -2.0841E-22  -4.2637E-22  -7.9969E-22  -1.5847E-21  -3.5532E-21  -5.9670E-21  -5.9292E-21  -1.8704E-21   5.3143E-21   1.3431E-20   1.9428E-20   1.5141E-20  -2.8220E-20 
  2.1465E-21   3.3191E-21   2.4681E-21   3.3860E-21   3.1151E-21   2.2919E-21   1.7470E-21   1.6530E-21   1.4612E-21   1.2547E-21   1.1989E-21   1.2278E-21   1.2397E-21   1.1656E-21   9.4975E-22   6.9716E-22   5.5058E-22   4.6897E-22   3.8544E-22   2.9714E-22   2.0390E-22   1.2901E-22   7.5671E-23   4.6570E-23   3.2387E-23   2.5101E-23   2.0697E-23   6.8512E-24  -1.5371E-23  -5.1582E-23  -1.2224E-22  -2.5008E-22  -4.6905E-22  -9.2950E-22  -2.0841E-21  -3.4999E-21  -3.4777E-21  -1.0970E-21   3.1170E-21   7.8776E-21   1.1395E-20   8.8810E-21  -1.6552E-20 
  1.3210E-21   2.0427E-21   1.5190E-21   2.0838E-21   1.9172E-21   1.4105E-21   1.0752E-21   1.0173E-21   8.9927E-22   7.7218E-22   7.3782E-22   7.5564E-22   7.6298E-22   7.1733E-22   5.8451E-22   4.2906E-22   3.3885E-22   2.8862E-22   2.3721E-22   1.8287E-22   1.2548E-22   7.9398E-23   4.6570E-23   2.8661E-23   1.9932E-23   1.5448E-23   1.2737E-23   4.2165E-24  -9.4598E-24  -3.1745E-23  -7.5232E-23  -1.5391E-22  -2.8867E-22  -5.7205E-22  -1.2826E-21  -2.1539E-21  -2.1403E-21  -6.7516E-22   1.9183E-21   4.8481E-21   7.0131E-21   5.4657E-21  -1.0187E-20 
  9.1871E-22   1.4206E-21   1.0564E-21   1.4492E-21   1.3333E-21   9.8093E-22   7.4772E-22   7.0749E-22   6.2540E-22   5.3701E-22   5.1311E-22   5.2551E-22   5.3061E-22   4.9887E-22   4.0650E-22   2.9839E-22   2.3565E-22   2.0072E-22   1.6497E-22   1.2718E-22   8.7268E-23   5.5218E-23   3.2387E-23   1.9932E-23   1.3862E-23   1.0743E-23   8.8583E-24   2.9323E-24  -6.5789E-24  -2.2077E-23  -5.2320E-23  -1.0704E-22  -2.0076E-22  -3.9783E-22  -8.9201E-22  -1.4980E-21  -1.4885E-21  -4.6954E-22   1.3341E-21   3.3716E-21   4.8773E-21   3.8011E-21  -7.0845E-21 
  7.1202E-22   1.1010E-21   8.1870E-22   1.1232E-21   1.0333E-21   7.6024E-22   5.7949E-22   5.4832E-22   4.8470E-22   4.1619E-22   3.9767E-22   4.0728E-22   4.1123E-22   3.8663E-22   3.1504E-22   2.3126E-22   1.8263E-22   1.5556E-22   1.2785E-22   9.8565E-23   6.7634E-23   4.2795E-23   2.5101E-23   1.5448E-23   1.0743E-23   8.3262E-24   6.8653E-24   2.2726E-24  -5.0987E-24  -1.7110E-23  -4.0549E-23  -8.2955E-23  -1.5559E-22  -3.0832E-22  -6.9132E-22  -1.1609E-21  -1.1536E-21  -3.6390E-22   1.0340E-21   2.6131E-21   3.7800E-21   2.9459E-21  -5.4906E-21 
  5.8709E-22   9.0780E-22   6.7506E-22   9.2610E-22   8.5203E-22   6.2685E-22   4.7782E-22   4.5211E-22   3.9965E-22   3.4317E-22   3.2790E-22   3.3582E-22   3.3908E-22   3.1879E-22   2.5977E-22   1.9068E-22   1.5059E-22   1.2827E-22   1.0542E-22   8.1271E-23   5.5768E-23   3.5286E-23   2.0697E-23   1.2737E-23   8.8583E-24   6.8653E-24   5.6608E-24   1.8739E-24  -4.2041E-24  -1.4108E-23  -3.3434E-23  -6.8400E-23  -1.2829E-22  -2.5423E-22  -5.7002E-22  -9.5725E-22  -9.5119E-22  -3.0005E-22   8.5255E-22   2.1546E-21   3.1167E-21   2.4290E-21  -4.5273E-21 
  1.9434E-22   3.0051E-22   2.2346E-22   3.0656E-22   2.8205E-22   2.0751E-22   1.5817E-22   1.4966E-22   1.3230E-22   1.1360E-22   1.0854E-22   1.1117E-22   1.1225E-22   1.0553E-22   8.5990E-23   6.3121E-23   4.9849E-23   4.2460E-23   3.4897E-23   2.6903E-23   1.8461E-23   1.1681E-23   6.8512E-24   4.2165E-24   2.9323E-24   2.2726E-24   1.8739E-24   6.2031E-25  -1.3917E-24  -4.6702E-24  -1.1068E-23  -2.2642E-23  -4.2468E-23  -8.4157E-23  -1.8869E-22  -3.1688E-22  -3.1487E-22  -9.9327E-23   2.8222E-22   7.1323E-22   1.0317E-21   8.0408E-22  -1.4987E-21 
