# TOTAL RANDOM ERROR COVARIANCE MATRICES IN (VMR)^2 UNITS
# nmatr  = 2
# nrows  = 43
# ncols  = 43

Random
  4.1049E-16   6.4576E-16   4.5154E-16   5.5762E-16   4.5847E-16   3.0208E-16   2.0614E-16   1.7565E-16   1.4687E-16   1.3419E-16   1.3327E-16   1.3383E-16   1.2948E-16   1.1697E-16   9.1287E-17   6.4046E-17   4.8130E-17   3.8689E-17   2.9437E-17   2.0264E-17   1.1631E-17   5.5170E-18   1.9127E-18   1.8293E-19  -7.4838E-19  -1.5279E-18  -2.3430E-18  -3.1759E-18  -4.0097E-18  -4.9542E-18  -6.0881E-18  -7.2254E-18  -8.2334E-18  -1.0086E-17  -1.3955E-17  -1.3335E-17  -4.0343E-18   1.0268E-17   2.4018E-17   3.4267E-17   3.9004E-17   3.0251E-17  -2.0638E-17 
  6.4576E-16   1.0163E-15   7.0952E-16   8.7368E-16   7.1597E-16   4.7021E-16   3.1987E-16   2.7168E-16   2.2669E-16   2.0737E-16   2.0621E-16   2.0729E-16   2.0065E-16   1.8125E-16   1.4139E-16   9.9132E-17   7.4437E-17   5.9775E-17   4.5419E-17   3.1201E-17   1.7842E-17   8.3959E-18   2.8438E-18   1.8504E-19  -1.2516E-18  -2.4659E-18  -3.7399E-18  -5.0409E-18  -6.3402E-18  -7.8098E-18  -9.5694E-18  -1.1322E-17  -1.2855E-17  -1.5676E-17  -2.1553E-17  -2.0377E-17  -5.8529E-18   1.6151E-17   3.7082E-17   5.2551E-17   5.9633E-17   4.6262E-17  -3.1105E-17 
  4.5154E-16   7.0952E-16   4.9819E-16   6.1975E-16   5.1378E-16   3.4127E-16   2.3470E-16   2.0156E-16   1.6941E-16   1.5434E-16   1.5283E-16   1.5308E-16   1.4794E-16   1.3370E-16   1.0448E-16   7.3424E-17   5.5291E-17   4.4561E-17   3.4025E-17   2.3548E-17   1.3647E-17   6.6032E-18   2.4185E-18   3.9914E-19  -6.7837E-19  -1.5571E-18  -2.4678E-18  -3.3998E-18  -4.3388E-18  -5.4058E-18  -6.6957E-18  -8.0134E-18  -9.2186E-18  -1.1426E-17  -1.6065E-17  -1.5764E-17  -5.3578E-18   1.1267E-17   2.7671E-17   4.0161E-17   4.6071E-17   3.5733E-17  -2.5167E-17 
  5.5762E-16   8.7368E-16   6.1975E-16   7.8490E-16   6.6361E-16   4.4916E-16   3.1440E-16   2.7474E-16   2.3352E-16   2.1145E-16   2.0805E-16   2.0729E-16   1.9989E-16   1.8084E-16   1.4174E-16   1.0000E-16   7.5660E-17   6.1340E-17   4.7210E-17   3.3066E-17   1.9570E-17   9.8673E-18   4.0021E-18   1.1367E-18  -3.6248E-19  -1.5132E-18  -2.6791E-18  -3.8765E-18  -5.1013E-18  -6.5038E-18  -8.2264E-18  -1.0060E-17  -1.1851E-17  -1.5112E-17  -2.2047E-17  -2.2904E-17  -9.5539E-18   1.3752E-17   3.8041E-17   5.7324E-17   6.6866E-17   5.1891E-17  -3.8842E-17 
  4.5847E-16   7.1597E-16   5.1378E-16   6.6361E-16   5.7290E-16   3.9531E-16   2.8159E-16   2.5021E-16   2.1494E-16   1.9355E-16   1.8933E-16   1.8774E-16   1.8074E-16   1.6375E-16   1.2877E-16   9.1219E-17   6.9349E-17   5.6561E-17   4.3879E-17   3.1098E-17   1.8777E-17   9.8248E-18   4.3170E-18   1.5934E-18   1.9502E-19  -8.1193E-19  -1.8053E-18  -2.8290E-18  -3.8934E-18  -5.1220E-18  -6.6560E-18  -8.3580E-18  -1.0123E-17  -1.3320E-17  -2.0191E-17  -2.2141E-17  -1.0776E-17   1.1014E-17   3.4902E-17   5.4561E-17   6.4671E-17   5.0283E-17  -3.9434E-17 
  3.0208E-16   4.7021E-16   3.4127E-16   4.4916E-16   3.9531E-16   2.7749E-16   2.0067E-16   1.8083E-16   1.5670E-16   1.4049E-16   1.3680E-16   1.3515E-16   1.2998E-16   1.1795E-16   9.3029E-17   6.6145E-17   5.0503E-17   4.1405E-17   3.2344E-17   2.3156E-17   1.4218E-17   7.6600E-18   3.5628E-18   1.5159E-18   4.8139E-19  -2.2120E-19  -8.9552E-19  -1.5926E-18  -2.3286E-18  -3.1842E-18  -4.2688E-18  -5.5171E-18  -6.8764E-18  -9.3300E-18  -1.4649E-17  -1.6817E-17  -9.1319E-18   6.9641E-18   2.5367E-17   4.0951E-17   4.9219E-17   3.8374E-17  -3.1091E-17 
  2.0614E-16   3.1987E-16   2.3470E-16   3.1440E-16   2.8159E-16   2.0067E-16   1.4702E-16   1.3405E-16   1.1699E-16   1.0453E-16   1.0142E-16   9.9914E-17   9.6038E-17   8.7296E-17   6.9043E-17   4.9253E-17   3.7748E-17   3.1089E-17   2.4431E-17   1.7643E-17   1.0986E-17   6.0592E-18   2.9395E-18   1.3672E-18   5.8305E-19   7.8132E-20  -3.9312E-19  -8.8151E-19  -1.4046E-18  -2.0166E-18  -2.8030E-18  -3.7380E-18  -4.7980E-18  -6.7067E-18  -1.0873E-17  -1.2974E-17  -7.6376E-18   4.4998E-18   1.8870E-17   3.1320E-17   3.8088E-17   2.9781E-17  -2.4710E-17 
  1.7565E-16   2.7168E-16   2.0156E-16   2.7474E-16   2.5021E-16   1.8083E-16   1.3405E-16   1.2350E-16   1.0848E-16   9.6635E-17   9.3477E-17   9.1886E-17   8.8307E-17   8.0412E-17   6.3770E-17   4.5633E-17   3.5097E-17   2.9027E-17   2.2936E-17   1.6695E-17   1.0527E-17   5.9244E-18   2.9735E-18   1.4747E-18   7.3585E-19   2.8403E-19  -1.2523E-19  -5.5024E-19  -1.0119E-18  -1.5551E-18  -2.2624E-18  -3.1293E-18  -4.1478E-18  -5.9777E-18  -9.9952E-18  -1.2350E-17  -7.7631E-18   3.5551E-18   1.7375E-17   2.9584E-17   3.6369E-17   2.8555E-17  -2.3943E-17 
  1.4687E-16   2.2669E-16   1.6941E-16   2.3352E-16   2.1494E-16   1.5670E-16   1.1699E-16   1.0848E-16   9.5649E-17   8.5073E-17   8.2164E-17   8.0686E-17   7.7571E-17   7.0746E-17   5.6217E-17   4.0318E-17   3.1087E-17   2.5786E-17   2.0453E-17   1.4970E-17   9.5202E-18   5.4304E-18   2.7848E-18   1.4335E-18   7.7279E-19   3.8367E-19   3.9744E-20  -3.1770E-19  -7.0974E-19  -1.1729E-18  -1.7812E-18  -2.5432E-18  -3.4604E-18  -5.1062E-18  -8.7339E-18  -1.1058E-17  -7.2525E-18   2.7365E-18   1.5201E-17   2.6366E-17   3.2683E-17   2.5785E-17  -2.1579E-17 
  1.3419E-16   2.0737E-16   1.5434E-16   2.1145E-16   1.9355E-16   1.4049E-16   1.0453E-16   9.6635E-17   8.5073E-17   7.5761E-17   7.3274E-17   7.2066E-17   6.9370E-17   6.3312E-17   5.0323E-17   3.6094E-17   2.7830E-17   2.3083E-17   1.8311E-17   1.3405E-17   8.5291E-18   4.8678E-18   2.4973E-18   1.2860E-18   6.9361E-19   3.4537E-19   3.8671E-20  -2.7946E-19  -6.2734E-19  -1.0375E-18  -1.5749E-18  -2.2468E-18  -3.0549E-18  -4.5049E-18  -7.7010E-18  -9.7458E-18  -6.3914E-18   2.4180E-18   1.3424E-17   2.3309E-17   2.8950E-17   2.2942E-17  -1.8826E-17 
  1.3327E-16   2.0621E-16   1.5283E-16   2.0805E-16   1.8933E-16   1.3680E-16   1.0142E-16   9.3477E-17   8.2164E-17   7.3274E-17   7.0987E-17   6.9949E-17   6.7444E-17   6.1627E-17   4.9011E-17   3.5167E-17   2.7125E-17   2.2506E-17   1.7862E-17   1.3090E-17   8.3425E-18   4.7726E-18   2.4561E-18   1.2708E-18   6.9152E-19   3.5335E-19   5.7837E-20  -2.4805E-19  -5.8177E-19  -9.7442E-19  -1.4880E-18  -2.1305E-18  -2.9048E-18  -4.2943E-18  -7.3585E-18  -9.3404E-18  -6.1699E-18   2.2427E-18   1.2804E-17   2.2346E-17   2.7886E-17   2.2296E-17  -1.7618E-17 
  1.3383E-16   2.0729E-16   1.5308E-16   2.0729E-16   1.8774E-16   1.3515E-16   9.9914E-17   9.1886E-17   8.0686E-17   7.2066E-17   6.9949E-17   6.9091E-17   6.6785E-17   6.1157E-17   4.8711E-17   3.4996E-17   2.7028E-17   2.2457E-17   1.7859E-17   1.3130E-17   8.4099E-18   4.8469E-18   2.5211E-18   1.3266E-18   7.4486E-19   4.1270E-19   1.2814E-19  -1.6566E-19  -4.8629E-19  -8.6307E-19  -1.3563E-18  -1.9791E-18  -2.7389E-18  -4.1023E-18  -7.1167E-18  -9.1558E-18  -6.1968E-18   1.9776E-18   1.2397E-17   2.1939E-17   2.7628E-17   2.2334E-17  -1.7091E-17 
  1.2948E-16   2.0065E-16   1.4794E-16   1.9989E-16   1.8074E-16   1.2998E-16   9.6038E-17   8.8307E-17   7.7571E-17   6.9370E-17   6.7444E-17   6.6785E-17   6.4763E-17   5.9498E-17   4.7511E-17   3.4217E-17   2.6493E-17   2.2073E-17   1.7621E-17   1.3030E-17   8.4210E-18   4.9175E-18   2.6066E-18   1.4126E-18   8.3499E-19   5.1864E-19   2.5739E-19  -1.1518E-20  -3.0636E-19  -6.5281E-19  -1.1087E-18  -1.6966E-18  -2.4321E-18  -3.7510E-18  -6.6800E-18  -8.8275E-18  -6.2451E-18   1.5069E-18   1.1663E-17   2.1160E-17   2.7029E-17   2.2178E-17  -1.6288E-17 
  1.1697E-16   1.8125E-16   1.3370E-16   1.8084E-16   1.6375E-16   1.1795E-16   8.7296E-17   8.0412E-17   7.0746E-17   6.3312E-17   6.1627E-17   6.1157E-17   5.9498E-17   5.4859E-17   4.3942E-17   3.1740E-17   2.4651E-17   2.0610E-17   1.6530E-17   1.2308E-17   8.0376E-18   4.7648E-18   2.5799E-18   1.4429E-18   8.9753E-19   6.1397E-19   3.9090E-19   1.6212E-19  -9.0900E-20  -3.8851E-19  -7.8351E-19  -1.3085E-18  -1.9871E-18  -3.2025E-18  -5.9166E-18  -8.0977E-18  -6.0398E-18   9.2071E-19   1.0353E-17   1.9384E-17   2.5171E-17   2.0987E-17  -1.4734E-17 
  9.1287E-17   1.4139E-16   1.0448E-16   1.4174E-16   1.2877E-16   9.3029E-17   6.9043E-17   6.3770E-17   5.6217E-17   5.0323E-17   4.9011E-17   4.8711E-17   4.7511E-17   4.3942E-17   3.5293E-17   2.5561E-17   1.9908E-17   1.6696E-17   1.3447E-17   1.0072E-17   6.6370E-18   3.9845E-18   2.1952E-18   1.2585E-18   8.1260E-19   5.9160E-19   4.2599E-19   2.5675E-19   6.7666E-20  -1.5512E-19  -4.5376E-19  -8.6315E-19  -1.4090E-18  -2.3860E-18  -4.5787E-18  -6.4814E-18  -5.0637E-18   3.9708E-19   8.0316E-18   1.5489E-17   2.0403E-17   1.7231E-17  -1.1691E-17 
  6.4046E-17   9.9132E-17   7.3424E-17   1.0000E-16   9.1219E-17   6.6145E-17   4.9253E-17   4.5633E-17   4.0318E-17   3.6094E-17   3.5167E-17   3.4996E-17   3.4217E-17   3.1740E-17   2.5561E-17   1.8562E-17   1.4496E-17   1.2194E-17   9.8602E-18   7.4284E-18   4.9360E-18   2.9980E-18   1.6777E-18   9.8256E-19   6.5412E-19   4.9895E-19   3.8875E-19   2.7659E-19   1.4978E-19   4.5551E-23  -2.0302E-19  -4.9093E-19  -8.8727E-19  -1.5961E-18  -3.1950E-18  -4.6829E-18  -3.8237E-18   4.2931E-20   5.6204E-18   1.1172E-17   1.4923E-17   1.2754E-17  -8.3864E-18 
  4.8130E-17   7.4437E-17   5.5291E-17   7.5660E-17   6.9349E-17   5.0503E-17   3.7748E-17   3.5097E-17   3.1087E-17   2.7830E-17   2.7125E-17   2.7028E-17   2.6493E-17   2.4651E-17   1.9908E-17   1.4496E-17   1.1353E-17   9.5810E-18   7.7789E-18   5.8947E-18   3.9500E-18   2.4268E-18   1.3785E-18   8.2356E-19   5.6328E-19   4.4649E-19   3.6871E-19   2.8998E-19   1.9960E-19   9.2609E-20  -5.4601E-20  -2.7173E-19  -5.8123E-19  -1.1344E-18  -2.3889E-18  -3.6388E-18  -3.1077E-18  -1.6824E-19   4.2168E-18   8.6666E-18   1.1746E-17   1.0161E-17  -6.4703E-18 
  3.8689E-17   5.9775E-17   4.4561E-17   6.1340E-17   5.6561E-17   4.1405E-17   3.1089E-17   2.9027E-17   2.5786E-17   2.3083E-17   2.2506E-17   2.2457E-17   2.2073E-17   2.0610E-17   1.6696E-17   1.2194E-17   9.5810E-18   8.1135E-18   6.6170E-18   5.0458E-18   3.4116E-18   2.1212E-18   1.2235E-18   7.4531E-19   5.2287E-19   4.2878E-19   3.7114E-19   3.1327E-19   2.4541E-19   1.6482E-19   5.1748E-20  -1.2358E-19  -3.8383E-19  -8.4870E-19  -1.9095E-18  -3.0438E-18  -2.7288E-18  -3.3140E-19   3.3855E-18   7.2367E-18   9.9694E-18   8.7382E-18  -5.3706E-18 
  2.9437E-17   4.5419E-17   3.4025E-17   4.7210E-17   4.3879E-17   3.2344E-17   2.4431E-17   2.2936E-17   2.0453E-17   1.8311E-17   1.7862E-17   1.7859E-17   1.7621E-17   1.6530E-17   1.3447E-17   9.8602E-18   7.7789E-18   6.6170E-18   5.4277E-18   4.1720E-18   2.8525E-18   1.7996E-18   1.0568E-18   6.5825E-19   4.7471E-19   4.0307E-19   3.6480E-19   3.2696E-19   2.8091E-19   2.2592E-19   1.4621E-19   1.2605E-20  -1.9727E-19  -5.7191E-19  -1.4339E-18  -2.4382E-18  -2.3254E-18  -4.7132E-19   2.5595E-18   5.7855E-18   8.1468E-18   7.2664E-18  -4.2487E-18 
  2.0264E-17   3.1201E-17   2.3548E-17   3.3066E-17   3.1098E-17   2.3156E-17   1.7643E-17   1.6695E-17   1.4970E-17   1.3405E-17   1.3090E-17   1.3130E-17   1.3030E-17   1.2308E-17   1.0072E-17   7.4284E-18   5.8947E-18   5.0458E-18   4.1720E-18   3.2419E-18   2.2499E-18   1.4465E-18   8.6883E-19   5.5576E-19   4.1356E-19   3.6442E-19   3.4467E-19   3.2597E-19   3.0100E-19   2.7085E-19   2.2384E-19   1.3255E-19  -2.4319E-20  -3.0417E-19  -9.5601E-19  -1.8056E-18  -1.8769E-18  -5.7723E-19   1.7274E-18   4.2750E-18   6.2191E-18   5.6890E-18  -3.0769E-18 
  1.1631E-17   1.7842E-17   1.3647E-17   1.9570E-17   1.8777E-17   1.4218E-17   1.0986E-17   1.0527E-17   9.5202E-18   8.5291E-18   8.3425E-18   8.4099E-18   8.4210E-18   8.0376E-18   6.6370E-18   4.9360E-18   3.9500E-18   3.4116E-18   2.8525E-18   2.2499E-18   1.5928E-18   1.0492E-18   6.4783E-19   4.2741E-19   3.2917E-19   3.0131E-19   2.9716E-19   2.9447E-19   2.8760E-19   2.7887E-19   2.6082E-19   2.0982E-19   1.0741E-19  -7.5252E-20  -5.0886E-19  -1.1636E-18  -1.3665E-18  -6.0290E-19   9.4463E-19   2.7498E-18   4.2044E-18   3.9891E-18  -1.9073E-18 
  5.5170E-18   8.3959E-18   6.6032E-18   9.8673E-18   9.8248E-18   7.6600E-18   6.0592E-18   5.9244E-18   5.4304E-18   4.8678E-18   4.7726E-18   4.8469E-18   4.9175E-18   4.7648E-18   3.9845E-18   2.9980E-18   2.4268E-18   2.1212E-18   1.7996E-18   1.4465E-18   1.0492E-18   7.1092E-19   4.5254E-19   3.0837E-19   2.4564E-19   2.3286E-19   2.3804E-19   2.4483E-19   2.4913E-19   2.5375E-19   2.5440E-19   2.3217E-19   1.7209E-19   6.4803E-20  -1.9738E-19  -6.7141E-19  -9.2926E-19  -5.5442E-19   3.9613E-19   1.5869E-18   2.6103E-18   2.6009E-18  -1.0320E-18 
  1.9127E-18   2.8438E-18   2.4185E-18   4.0021E-18   4.3170E-18   3.5628E-18   2.9395E-18   2.9735E-18   2.7848E-18   2.4973E-18   2.4561E-18   2.5211E-18   2.6066E-18   2.5799E-18   2.1952E-18   1.6777E-18   1.3785E-18   1.2235E-18   1.0568E-18   8.6883E-19   6.4783E-19   4.5254E-19   2.9720E-19   2.0894E-19   1.7165E-19   1.6771E-19   1.7654E-19   1.8686E-19   1.9592E-19   2.0633E-19   2.1591E-19   2.1062E-19   1.7918E-19   1.2275E-19  -2.1591E-20  -3.4452E-19  -5.9336E-19  -4.5474E-19   8.2540E-20   8.1965E-19   1.4998E-18   1.5905E-18  -4.7414E-19 
  1.8293E-19   1.8504E-19   3.9914E-19   1.1367E-18   1.5934E-18   1.5159E-18   1.3672E-18   1.4747E-18   1.4335E-18   1.2860E-18   1.2708E-18   1.3266E-18   1.4126E-18   1.4429E-18   1.2585E-18   9.8256E-19   8.2356E-19   7.4531E-19   6.5825E-19   5.5576E-19   4.2741E-19   3.0837E-19   2.0894E-19   1.5131E-19   1.2781E-19   1.2818E-19   1.3824E-19   1.4974E-19   1.6066E-19   1.7344E-19   1.8699E-19   1.9027E-19   1.7430E-19   1.4517E-19   6.4440E-20  -1.7094E-19  -4.0429E-19  -3.8543E-19  -7.0246E-20   4.1718E-19   9.0379E-19   1.0398E-18  -1.8286E-19 
 -7.4838E-19  -1.2516E-18  -6.7837E-19  -3.6248E-19   1.9502E-19   4.8139E-19   5.8305E-19   7.3585E-19   7.7279E-19   6.9361E-19   6.9152E-19   7.4486E-19   8.3499E-19   8.9753E-19   8.1260E-19   6.5412E-19   5.6328E-19   5.2287E-19   4.7471E-19   4.1356E-19   3.2917E-19   2.4564E-19   1.7165E-19   1.2781E-19   1.1070E-19   1.1358E-19   1.2506E-19   1.3810E-19   1.5101E-19   1.6629E-19   1.8347E-19   1.9249E-19   1.8503E-19   1.7070E-19   1.2310E-19  -7.6985E-20  -3.1959E-19  -3.7278E-19  -1.6780E-19   2.0739E-19   6.1707E-19   7.9392E-19  -1.4968E-20 
 -1.5279E-18  -2.4659E-18  -1.5571E-18  -1.5132E-18  -8.1193E-19  -2.2120E-19   7.8132E-20   2.8403E-19   3.8367E-19   3.4537E-19   3.5335E-19   4.1270E-19   5.1864E-19   6.1397E-19   5.9160E-19   4.9895E-19   4.4649E-19   4.2878E-19   4.0307E-19   3.6442E-19   3.0131E-19   2.3286E-19   1.6771E-19   1.2818E-19   1.1358E-19   1.1891E-19   1.3334E-19   1.4977E-19   1.6654E-19   1.8660E-19   2.0998E-19   2.2588E-19   2.2520E-19   2.2228E-19   1.9731E-19  -3.6285E-21  -2.9504E-19  -4.2212E-19  -2.8130E-19   5.7941E-20   4.7087E-19   7.1798E-19   1.4264E-19 
 -2.3430E-18  -3.7399E-18  -2.4678E-18  -2.6791E-18  -1.8053E-18  -8.9552E-19  -3.9312E-19  -1.2523E-19   3.9744E-20   3.8671E-20   5.7837E-20   1.2814E-19   2.5739E-19   3.9090E-19   4.2599E-19   3.8875E-19   3.6871E-19   3.7114E-19   3.6480E-19   3.4467E-19   2.9716E-19   2.3804E-19   1.7654E-19   1.3824E-19   1.2506E-19   1.3334E-19   1.5201E-19   1.7342E-19   1.9585E-19   2.2300E-19   2.5550E-19   2.8100E-19   2.8879E-19   2.9986E-19   3.0112E-19   8.5837E-20  -2.8453E-19  -5.0896E-19  -4.3329E-19  -1.0921E-19   3.4264E-19   6.9550E-19   3.4745E-19 
 -3.1759E-18  -5.0409E-18  -3.3998E-18  -3.8765E-18  -2.8290E-18  -1.5926E-18  -8.8151E-19  -5.5024E-19  -3.1770E-19  -2.7946E-19  -2.4805E-19  -1.6566E-19  -1.1518E-20   1.6212E-19   2.5675E-19   2.7659E-19   2.8998E-19   3.1327E-19   3.2696E-19   3.2597E-19   2.9447E-19   2.4483E-19   1.8686E-19   1.4974E-19   1.3810E-19   1.4977E-19   1.7342E-19   2.0081E-19   2.3023E-19   2.6634E-19   3.1062E-19   3.4899E-19   3.6893E-19   4.0017E-19   4.4014E-19   2.1388E-19  -2.5513E-19  -6.1090E-19  -6.3127E-19  -3.3946E-19   1.5528E-19   6.5405E-19   6.5926E-19 
 -4.0097E-18  -6.3402E-18  -4.3388E-18  -5.1013E-18  -3.8934E-18  -2.3286E-18  -1.4046E-18  -1.0119E-18  -7.0974E-19  -6.2734E-19  -5.8177E-19  -4.8629E-19  -3.0636E-19  -9.0900E-20   6.7666E-20   1.4978E-19   1.9960E-19   2.4541E-19   2.8091E-19   3.0100E-19   2.8760E-19   2.4913E-19   1.9592E-19   1.6066E-19   1.5101E-19   1.6654E-19   1.9585E-19   2.3023E-19   2.6809E-19   3.1529E-19   3.7456E-19   4.3020E-19   4.6779E-19   5.2878E-19   6.2769E-19   4.0259E-19  -1.8551E-19  -7.2095E-19  -8.9015E-19  -6.6894E-19  -1.3968E-19   5.5748E-19   1.1263E-18 
 -4.9542E-18  -7.8098E-18  -5.4058E-18  -6.5038E-18  -5.1220E-18  -3.1842E-18  -2.0166E-18  -1.5551E-18  -1.1729E-18  -1.0375E-18  -9.7442E-19  -8.6307E-19  -6.5281E-19  -3.8851E-19  -1.5512E-19   4.5551E-23   9.2609E-20   1.6482E-19   2.2592E-19   2.7085E-19   2.7887E-19   2.5375E-19   2.0633E-19   1.7344E-19   1.6629E-19   1.8660E-19   2.2300E-19   2.6634E-19   3.1529E-19   3.7737E-19   4.5722E-19   5.3744E-19   6.0156E-19   7.0783E-19   8.9852E-19   6.9147E-19  -5.3662E-20  -8.5000E-19  -1.2528E-18  -1.1604E-18  -6.0479E-19   3.8027E-19   1.8504E-18 
 -6.0881E-18  -9.5694E-18  -6.6957E-18  -8.2264E-18  -6.6560E-18  -4.2688E-18  -2.8030E-18  -2.2624E-18  -1.7812E-18  -1.5749E-18  -1.4880E-18  -1.3563E-18  -1.1087E-18  -7.8351E-19  -4.5376E-19  -2.0302E-19  -5.4601E-20   5.1748E-20   1.4621E-19   2.2384E-19   2.6082E-19   2.5440E-19   2.1591E-19   1.8699E-19   1.8347E-19   2.0998E-19   2.5550E-19   3.1062E-19   3.7456E-19   4.5722E-19   5.6631E-19   6.8310E-19   7.8917E-19   9.6864E-19   1.3123E-18   1.1655E-18   2.1043E-19  -9.8963E-19  -1.7932E-18  -1.9614E-18  -1.4224E-18   6.0179E-21   3.0757E-18 
 -7.2254E-18  -1.1322E-17  -8.0134E-18  -1.0060E-17  -8.3580E-18  -5.5171E-18  -3.7380E-18  -3.1293E-18  -2.5432E-18  -2.2468E-18  -2.1305E-18  -1.9791E-18  -1.6966E-18  -1.3085E-18  -8.6315E-19  -4.9093E-19  -2.7173E-19  -1.2358E-19   1.2605E-20   1.3255E-19   2.0982E-19   2.3217E-19   2.1062E-19   1.9027E-19   1.9249E-19   2.2588E-19   2.8100E-19   3.4899E-19   4.3020E-19   5.3744E-19   6.8310E-19   8.4897E-19   1.0166E-18   1.3065E-18   1.8903E-18   1.8961E-18   7.1163E-19  -1.0630E-18  -2.5210E-18  -3.1934E-18  -2.8061E-18  -7.5878E-19   5.0243E-18 
 -8.2334E-18  -1.2855E-17  -9.2186E-18  -1.1851E-17  -1.0123E-17  -6.8764E-18  -4.7980E-18  -4.1478E-18  -3.4604E-18  -3.0549E-18  -2.9048E-18  -2.7389E-18  -2.4321E-18  -1.9871E-18  -1.4090E-18  -8.8727E-19  -5.8123E-19  -3.8383E-19  -1.9727E-19  -2.4319E-20   1.0741E-19   1.7209E-19   1.7918E-19   1.7430E-19   1.8503E-19   2.2520E-19   2.8879E-19   3.6893E-19   4.6779E-19   6.0156E-19   7.8917E-19   1.0166E-18   1.2692E-18   1.7168E-18   2.6575E-18   2.9692E-18   1.5803E-18  -9.6695E-19  -3.4347E-18  -4.9920E-18  -5.0110E-18  -2.1550E-18   7.9609E-18 
 -1.0086E-17  -1.5676E-17  -1.1426E-17  -1.5112E-17  -1.3320E-17  -9.3300E-18  -6.7067E-18  -5.9777E-18  -5.1062E-18  -4.5049E-18  -4.2943E-18  -4.1023E-18  -3.7510E-18  -3.2025E-18  -2.3860E-18  -1.5961E-18  -1.1344E-18  -8.4870E-19  -5.7191E-19  -3.0417E-19  -7.5252E-20   6.4803E-20   1.2275E-19   1.4517E-19   1.7070E-19   2.2228E-19   2.9986E-19   4.0017E-19   5.2878E-19   7.0783E-19   9.6864E-19   1.3065E-18   1.7168E-18   2.4635E-18   4.0971E-18   5.0593E-18   3.3770E-18  -6.0470E-19  -5.0602E-18  -8.4476E-18  -9.4095E-18  -5.0769E-18   1.3749E-17 
 -1.3955E-17  -2.1553E-17  -1.6065E-17  -2.2047E-17  -2.0191E-17  -1.4649E-17  -1.0873E-17  -9.9952E-18  -8.7339E-18  -7.7010E-18  -7.3585E-18  -7.1167E-18  -6.6800E-18  -5.9166E-18  -4.5787E-18  -3.1950E-18  -2.3889E-18  -1.9095E-18  -1.4339E-18  -9.5601E-19  -5.0886E-19  -1.9738E-19  -2.1591E-20   6.4440E-20   1.2310E-19   1.9731E-19   3.0112E-19   4.4014E-19   6.2769E-19   8.9852E-19   1.3123E-18   1.8903E-18   2.6575E-18   4.0971E-18   7.3757E-18   1.0036E-17   7.9491E-18   7.7482E-19  -8.4202E-18  -1.6400E-17  -1.9992E-17  -1.2484E-17   2.7395E-17 
 -1.3335E-17  -2.0377E-17  -1.5764E-17  -2.2904E-17  -2.2141E-17  -1.6817E-17  -1.2974E-17  -1.2350E-17  -1.1058E-17  -9.7458E-18  -9.3404E-18  -9.1558E-18  -8.8275E-18  -8.0977E-18  -6.4814E-18  -4.6829E-18  -3.6388E-18  -3.0438E-18  -2.4382E-18  -1.8056E-18  -1.1636E-18  -6.7141E-19  -3.4452E-19  -1.7094E-19  -7.6985E-20  -3.6285E-21   8.5837E-20   2.1388E-19   4.0259E-19   6.9147E-19   1.1655E-18   1.8961E-18   2.9692E-18   5.0593E-18   1.0036E-17   1.5160E-17   1.3990E-17   4.5205E-18  -9.5618E-18  -2.3251E-17  -3.1191E-17  -2.1997E-17   4.0198E-17 
 -4.0343E-18  -5.8529E-18  -5.3578E-18  -9.5539E-18  -1.0776E-17  -9.1319E-18  -7.6376E-18  -7.7631E-18  -7.2525E-18  -6.3914E-18  -6.1699E-18  -6.1968E-18  -6.2451E-18  -6.0398E-18  -5.0637E-18  -3.8237E-18  -3.1077E-18  -2.7288E-18  -2.3254E-18  -1.8769E-18  -1.3665E-18  -9.2926E-19  -5.9336E-19  -4.0429E-19  -3.1959E-19  -2.9504E-19  -2.8453E-19  -2.5513E-19  -1.8551E-19  -5.3662E-20   2.1043E-19   7.1163E-19   1.5803E-18   3.3770E-18   7.9491E-18   1.3990E-17   1.5578E-17   9.1845E-18  -3.1212E-18  -1.6930E-17  -2.7086E-17  -2.2544E-17   3.1357E-17 
  1.0268E-17   1.6151E-17   1.1267E-17   1.3752E-17   1.1014E-17   6.9641E-18   4.4998E-18   3.5551E-18   2.7365E-18   2.4180E-18   2.2427E-18   1.9776E-18   1.5069E-18   9.2071E-19   3.9708E-19   4.2931E-20  -1.6824E-19  -3.3140E-19  -4.7132E-19  -5.7723E-19  -6.0290E-19  -5.5442E-19  -4.5474E-19  -3.8543E-19  -3.7278E-19  -4.2212E-19  -5.0896E-19  -6.1090E-19  -7.2095E-19  -8.5000E-19  -9.8963E-19  -1.0630E-18  -9.6695E-19  -6.0470E-19   7.7482E-19   4.5205E-18   9.1845E-18   1.1602E-17   1.0331E-17   5.9000E-18  -6.2964E-19  -6.9735E-18  -6.2173E-18 
  2.4018E-17   3.7082E-17   2.7671E-17   3.8041E-17   3.4902E-17   2.5367E-17   1.8870E-17   1.7375E-17   1.5201E-17   1.3424E-17   1.2804E-17   1.2397E-17   1.1663E-17   1.0353E-17   8.0316E-18   5.6204E-18   4.2168E-18   3.3855E-18   2.5595E-18   1.7274E-18   9.4463E-19   3.9613E-19   8.2540E-20  -7.0246E-20  -1.6780E-19  -2.8130E-19  -4.3329E-19  -6.3127E-19  -8.9015E-19  -1.2528E-18  -1.7932E-18  -2.5210E-18  -3.4347E-18  -5.0602E-18  -8.4202E-18  -9.5618E-18  -3.1212E-18   1.0331E-17   2.5601E-17   3.7430E-17   4.0109E-17   2.1090E-17  -5.9741E-17 
  3.4267E-17   5.2551E-17   4.0161E-17   5.7324E-17   5.4561E-17   4.0951E-17   3.1320E-17   2.9584E-17   2.6366E-17   2.3309E-17   2.2346E-17   2.1939E-17   2.1160E-17   1.9384E-17   1.5489E-17   1.1172E-17   8.6666E-18   7.2367E-18   5.7855E-18   4.2750E-18   2.7498E-18   1.5869E-18   8.1965E-19   4.1718E-19   2.0739E-19   5.7941E-20  -1.0921E-19  -3.3946E-19  -6.6894E-19  -1.1604E-18  -1.9614E-18  -3.1934E-18  -4.9920E-18  -8.4476E-18  -1.6400E-17  -2.3251E-17  -1.6930E-17   5.9000E-18   3.7430E-17   6.6824E-17   8.1347E-17   5.2629E-17  -1.0997E-16 
  3.9004E-17   5.9633E-17   4.6071E-17   6.6866E-17   6.4671E-17   4.9219E-17   3.8088E-17   3.6369E-17   3.2683E-17   2.8950E-17   2.7886E-17   2.7628E-17   2.7029E-17   2.5171E-17   2.0403E-17   1.4923E-17   1.1746E-17   9.9694E-18   8.1468E-18   6.2191E-18   4.2044E-18   2.6103E-18   1.4998E-18   9.0379E-19   6.1707E-19   4.7087E-19   3.4264E-19   1.5528E-19  -1.3968E-19  -6.0479E-19  -1.4224E-18  -2.8061E-18  -5.0110E-18  -9.4095E-18  -1.9992E-17  -3.1191E-17  -2.7086E-17  -6.2964E-19   4.0109E-17   8.1347E-17   1.0620E-16   7.6168E-17  -1.3239E-16 
  3.0251E-17   4.6262E-17   3.5733E-17   5.1891E-17   5.0283E-17   3.8374E-17   2.9781E-17   2.8555E-17   2.5785E-17   2.2942E-17   2.2296E-17   2.2334E-17   2.2178E-17   2.0987E-17   1.7231E-17   1.2754E-17   1.0161E-17   8.7382E-18   7.2664E-18   5.6890E-18   3.9891E-18   2.6009E-18   1.5905E-18   1.0398E-18   7.9392E-19   7.1798E-19   6.9550E-19   6.5405E-19   5.5748E-19   3.8027E-19   6.0179E-21  -7.5878E-19  -2.1550E-18  -5.0769E-18  -1.2484E-17  -2.1997E-17  -2.2544E-17  -6.9735E-18   2.1090E-17   5.2629E-17   7.6168E-17   6.4135E-17  -7.3033E-17 
 -2.0638E-17  -3.1105E-17  -2.5167E-17  -3.8842E-17  -3.9434E-17  -3.1091E-17  -2.4710E-17  -2.3943E-17  -2.1579E-17  -1.8826E-17  -1.7618E-17  -1.7091E-17  -1.6288E-17  -1.4734E-17  -1.1691E-17  -8.3864E-18  -6.4703E-18  -5.3706E-18  -4.2487E-18  -3.0769E-18  -1.9073E-18  -1.0320E-18  -4.7414E-19  -1.8286E-19  -1.4968E-20   1.4264E-19   3.4745E-19   6.5926E-19   1.1263E-18   1.8504E-18   3.0757E-18   5.0243E-18   7.9609E-18   1.3749E-17   2.7395E-17   4.0198E-17   3.1357E-17  -6.2173E-18  -5.9741E-17  -1.0997E-16  -1.3239E-16  -7.3033E-17   2.4271E-16 


Systematic
  2.0437E-16   3.1880E-16   2.2978E-16   2.9921E-16   2.6082E-16   1.8175E-16   1.3068E-16   1.1745E-16   1.0202E-16   9.2112E-17   9.0909E-17   9.1205E-17   8.9457E-17   8.2907E-17   6.6514E-17   4.8072E-17   3.7346E-17   3.1227E-17   2.5073E-17   1.8748E-17   1.2353E-17   7.4301E-18   4.1141E-18   2.3875E-18   1.5864E-18   1.2423E-18   1.0489E-18   9.2066E-19   8.4045E-19   8.2964E-19   9.1295E-19   1.0816E-18   1.3257E-18   1.8546E-18   3.0170E-18   3.1741E-18  -3.5848E-19  -7.5753E-18  -1.5243E-17  -1.8987E-17  -1.1488E-17   1.8606E-17   1.0345E-16 
  3.1880E-16   4.9731E-16   3.5841E-16   4.6662E-16   4.0667E-16   2.8333E-16   2.0369E-16   1.8303E-16   1.5897E-16   1.4354E-16   1.4167E-16   1.4214E-16   1.3941E-16   1.2920E-16   1.0365E-16   7.4906E-17   5.8188E-17   4.8652E-17   3.9060E-17   2.9204E-17   1.9238E-17   1.1569E-17   6.4041E-18   3.7148E-18   2.4668E-18   1.9303E-18   1.6283E-18   1.4281E-18   1.3032E-18   1.2872E-18   1.4196E-18   1.6888E-18   2.0819E-18   2.9330E-18   4.8121E-18   5.1394E-18  -3.8823E-19  -1.1841E-17  -2.4135E-17  -3.0339E-17  -1.8887E-17   2.8278E-17   1.6246E-16 
  2.2978E-16   3.5841E-16   2.5841E-16   3.3665E-16   2.9360E-16   2.0469E-16   1.4724E-16   1.3238E-16   1.1501E-16   1.0384E-16   1.0247E-16   1.0280E-16   1.0083E-16   9.3455E-17   7.4986E-17   5.4203E-17   4.2114E-17   3.5220E-17   2.8285E-17   2.1156E-17   1.3945E-17   8.3926E-18   4.6507E-18   2.7018E-18   1.7980E-18   1.4107E-18   1.1939E-18   1.0501E-18   9.5945E-19   9.4577E-19   1.0349E-18   1.2132E-18   1.4654E-18   2.0124E-18   3.1986E-18   3.2252E-18  -7.1453E-19  -8.4704E-18  -1.6480E-17  -2.0023E-17  -1.1141E-17   2.2290E-17   1.1435E-16 
  2.9921E-16   4.6662E-16   3.3665E-16   4.3907E-16   3.8339E-16   2.6758E-16   1.9267E-16   1.7338E-16   1.5072E-16   1.3605E-16   1.3422E-16   1.3463E-16   1.3207E-16   1.2244E-16   9.8266E-17   7.1052E-17   5.5224E-17   4.6202E-17   3.7123E-17   2.7785E-17   1.8332E-17   1.1048E-17   6.1335E-18   3.5724E-18   2.3857E-18   1.8801E-18   1.5997E-18   1.4137E-18   1.2943E-18   1.2719E-18   1.3740E-18   1.5717E-18   1.8311E-18   2.3965E-18   3.5696E-18   3.1423E-18  -1.8870E-18  -1.0878E-17  -1.9419E-17  -2.1976E-17  -9.0180E-18   3.3259E-17   1.4281E-16 
  2.6082E-16   4.0667E-16   2.9360E-16   3.8339E-16   3.3519E-16   2.3422E-16   1.6883E-16   1.5207E-16   1.3227E-16   1.1937E-16   1.1773E-16   1.1808E-16   1.1584E-16   1.0742E-16   8.6238E-17   6.2375E-17   4.8497E-17   4.0590E-17   3.2631E-17   2.4440E-17   1.6141E-17   9.7416E-18   5.4188E-18   3.1645E-18   2.1210E-18   1.6791E-18   1.4364E-18   1.2755E-18   1.1703E-18   1.1464E-18   1.2225E-18   1.3628E-18   1.5251E-18   1.8822E-18   2.5611E-18   1.7618E-18  -2.5268E-18  -9.3355E-18  -1.5027E-17  -1.5349E-17  -2.7621E-18   3.2925E-17   1.1884E-16 
  1.8175E-16   2.8333E-16   2.0469E-16   2.6758E-16   2.3422E-16   1.6384E-16   1.1821E-16   1.0657E-16   9.2749E-17   8.3685E-17   8.2513E-17   8.2749E-17   8.1187E-17   7.5300E-17   6.0470E-17   4.3750E-17   3.4027E-17   2.8490E-17   2.2915E-17   1.7174E-17   1.1353E-17   6.8605E-18   3.8230E-18   2.2379E-18   1.5048E-18   1.1962E-18   1.0282E-18   9.1685E-19   8.4270E-19   8.2323E-19   8.6792E-19   9.4480E-19   1.0163E-18   1.1766E-18   1.4259E-18   5.9123E-19  -2.3349E-18  -6.4094E-18  -9.2344E-18  -8.2172E-18   1.3937E-18   2.5503E-17   7.9137E-17 
  1.3068E-16   2.0369E-16   1.4724E-16   1.9267E-16   1.6883E-16   1.1821E-16   8.5366E-17   7.7022E-17   6.7063E-17   6.0499E-17   5.9637E-17   5.9802E-17   5.8678E-17   5.4434E-17   4.3724E-17   3.1643E-17   2.4618E-17   2.0619E-17   1.6591E-17   1.2442E-17   8.2312E-18   4.9799E-18   2.7794E-18   1.6305E-18   1.0996E-18   8.7716E-19   7.5715E-19   6.7757E-19   6.2378E-19   6.0804E-19   6.3487E-19   6.7688E-19   7.0176E-19   7.6061E-19   7.9733E-19   2.0683E-20  -2.0411E-18  -4.5386E-18  -5.8356E-18  -4.3060E-18   3.1438E-18   1.9988E-17   5.4538E-17 
  1.1745E-16   1.8303E-16   1.3238E-16   1.7338E-16   1.5207E-16   1.0657E-16   7.7022E-17   6.9542E-17   6.0577E-17   5.4639E-17   5.3849E-17   5.3994E-17   5.2983E-17   4.9159E-17   3.9496E-17   2.8590E-17   2.2248E-17   1.8640E-17   1.5005E-17   1.1258E-17   7.4536E-18   4.5141E-18   2.5230E-18   1.4829E-18   1.0026E-18   8.0234E-19   6.9512E-19   6.2407E-19   5.7540E-19   5.5995E-19   5.7997E-19   6.0730E-19   6.0870E-19   6.1703E-19   5.3761E-19  -2.9915E-19  -2.1161E-18  -4.0131E-18  -4.5901E-18  -2.5760E-18   4.5502E-18   1.9293E-17   4.7123E-17 
  1.0202E-16   1.5897E-16   1.1501E-16   1.5072E-16   1.3227E-16   9.2749E-17   6.7063E-17   6.0577E-17   5.2781E-17   4.7603E-17   4.6909E-17   4.7033E-17   4.6154E-17   4.2828E-17   3.4414E-17   2.4915E-17   1.9392E-17   1.6250E-17   1.3084E-17   9.8197E-18   6.5044E-18   3.9417E-18   2.2050E-18   1.2975E-18   8.7861E-19   7.0445E-19   6.1167E-19   5.5020E-19   5.0777E-19   4.9368E-19   5.0895E-19   5.2724E-19   5.1749E-19   5.0147E-19   3.7398E-19  -4.2463E-19  -1.9824E-18  -3.4457E-18  -3.6361E-18  -1.5497E-18   4.8669E-18   1.7464E-17   3.9938E-17 
  9.2112E-17   1.4354E-16   1.0384E-16   1.3605E-16   1.1937E-16   8.3685E-17   6.0499E-17   5.4639E-17   4.7603E-17   4.2935E-17   4.2311E-17   4.2423E-17   4.1630E-17   3.8629E-17   3.1038E-17   2.2470E-17   1.7488E-17   1.4654E-17   1.1797E-17   8.8535E-18   5.8635E-18   3.5527E-18   1.9868E-18   1.1687E-18   7.9102E-19   6.3390E-19   5.5011E-19   4.9472E-19   4.5675E-19   4.4473E-19   4.6008E-19   4.7984E-19   4.7697E-19   4.7503E-19   3.9157E-19  -2.9049E-19  -1.7012E-18  -3.1021E-18  -3.4110E-18  -1.6774E-18   4.0122E-18   1.5471E-17   3.6504E-17 
  9.0909E-17   1.4167E-16   1.0247E-16   1.3422E-16   1.1773E-16   8.2513E-17   5.9637E-17   5.3849E-17   4.6909E-17   4.2311E-17   4.1699E-17   4.1811E-17   4.1029E-17   3.8069E-17   3.0586E-17   2.2142E-17   1.7231E-17   1.4437E-17   1.1622E-17   8.7204E-18   5.7742E-18   3.4975E-18   1.9552E-18   1.1495E-18   7.7749E-19   6.2254E-19   5.3975E-19   4.8505E-19   4.4781E-19   4.3652E-19   4.5311E-19   4.7591E-19   4.7942E-19   4.9105E-19   4.4313E-19  -1.8669E-19  -1.5840E-18  -3.0587E-18  -3.5231E-18  -1.9869E-18   3.5084E-18   1.4920E-17   3.6547E-17 
  9.1205E-17   1.4214E-16   1.0280E-16   1.3463E-16   1.1808E-16   8.2749E-17   5.9802E-17   5.3994E-17   4.7033E-17   4.2423E-17   4.1811E-17   4.1924E-17   4.1140E-17   3.8171E-17   3.0668E-17   2.2200E-17   1.7276E-17   1.4474E-17   1.1652E-17   8.7423E-18   5.7883E-18   3.5057E-18   1.9595E-18   1.1519E-18   7.7890E-19   6.2348E-19   5.4040E-19   4.8553E-19   4.4829E-19   4.3725E-19   4.5460E-19   4.7902E-19   4.8552E-19   5.0363E-19   4.7228E-19  -1.3756E-19  -1.5382E-18  -3.0553E-18  -3.5899E-18  -2.1253E-18   3.3342E-18   1.4824E-17   3.6894E-17 
  8.9457E-17   1.3941E-16   1.0083E-16   1.3207E-16   1.1584E-16   8.1187E-17   5.8678E-17   5.2983E-17   4.6154E-17   4.1630E-17   4.1029E-17   4.1140E-17   4.0371E-17   3.7459E-17   3.0097E-17   2.1787E-17   1.6956E-17   1.4206E-17   1.1436E-17   8.5814E-18   5.6824E-18   3.4421E-18   1.9243E-18   1.1314E-18   7.6536E-19   6.1293E-19   5.3157E-19   4.7791E-19   4.4156E-19   4.3099E-19   4.4836E-19   4.7267E-19   4.7938E-19   4.9795E-19   4.6976E-19  -1.2389E-19  -1.4894E-18  -2.9641E-18  -3.4716E-18  -2.0190E-18   3.3435E-18   1.4594E-17   3.6141E-17 
  8.2907E-17   1.2920E-16   9.3455E-17   1.2244E-16   1.0742E-16   7.5300E-17   5.4434E-17   4.9159E-17   4.2828E-17   3.8629E-17   3.8069E-17   3.8171E-17   3.7459E-17   3.4759E-17   2.7929E-17   2.0220E-17   1.5737E-17   1.3186E-17   1.0616E-17   7.9673E-18   5.2769E-18   3.1974E-18   1.7882E-18   1.0520E-18   7.1216E-19   5.7086E-19   4.9565E-19   4.4613E-19   4.1262E-19   4.0298E-19   4.1907E-19   4.4101E-19   4.4562E-19   4.5948E-19   4.2537E-19  -1.3340E-19  -1.3873E-18  -2.7073E-18  -3.1043E-18  -1.6807E-18   3.3379E-18   1.3708E-17   3.3267E-17 
  6.6514E-17   1.0365E-16   7.4986E-17   9.8266E-17   8.6238E-17   6.0470E-17   4.3724E-17   3.9496E-17   3.4414E-17   3.1038E-17   3.0586E-17   3.0668E-17   3.0097E-17   2.7929E-17   2.2443E-17   1.6249E-17   1.2648E-17   1.0599E-17   8.5345E-18   6.4061E-18   4.2439E-18   2.5724E-18   1.4394E-18   8.4735E-19   5.7411E-19   4.6070E-19   4.0053E-19   3.6098E-19   3.3417E-19   3.2646E-19   3.3908E-19   3.5560E-19   3.5685E-19   3.6282E-19   3.2275E-19  -1.4045E-19  -1.1367E-18  -2.1427E-18  -2.3749E-18  -1.1406E-18   2.9458E-18   1.1203E-17   2.6418E-17 
  4.8072E-17   7.4906E-17   5.4203E-17   7.1052E-17   6.2375E-17   4.3750E-17   3.1643E-17   2.8590E-17   2.4915E-17   2.2470E-17   2.2142E-17   2.2200E-17   2.1787E-17   2.0220E-17   1.6249E-17   1.1766E-17   9.1590E-18   7.6762E-18   6.1819E-18   4.6411E-18   3.0755E-18   1.8649E-18   1.0440E-18   6.1502E-19   4.1709E-19   3.3508E-19   2.9172E-19   2.6326E-19   2.4394E-19   2.3835E-19   2.4721E-19   2.5823E-19   2.5709E-19   2.5709E-19   2.1744E-19  -1.3002E-19  -8.4277E-19  -1.5275E-18  -1.6257E-18  -6.5916E-19   2.3431E-18   8.2607E-18   1.8874E-17 
  3.7346E-17   5.8188E-17   4.2114E-17   5.5224E-17   4.8497E-17   3.4027E-17   2.4618E-17   2.2248E-17   1.9392E-17   1.7488E-17   1.7231E-17   1.7276E-17   1.6956E-17   1.5737E-17   1.2648E-17   9.1590E-18   7.1304E-18   5.9768E-18   4.8140E-18   3.6149E-18   2.3961E-18   1.4535E-18   8.1421E-19   4.8000E-19   3.2585E-19   2.6211E-19   2.2853E-19   2.0652E-19   1.9155E-19   1.8720E-19   1.9385E-19   2.0160E-19   1.9893E-19   1.9518E-19   1.5507E-19  -1.2596E-19  -6.7358E-19  -1.1691E-18  -1.1856E-18  -3.7063E-19   2.0038E-18   6.5581E-18   1.4473E-17 
  3.1227E-17   4.8652E-17   3.5220E-17   4.6202E-17   4.0590E-17   2.8490E-17   2.0619E-17   1.8640E-17   1.6250E-17   1.4654E-17   1.4437E-17   1.4474E-17   1.4206E-17   1.3186E-17   1.0599E-17   7.6762E-18   5.9768E-18   5.0105E-18   4.0364E-18   3.0317E-18   2.0103E-18   1.2200E-18   6.8384E-19   4.0348E-19   2.7422E-19   2.2089E-19   1.9292E-19   1.7461E-19   1.6213E-19   1.5847E-19   1.6379E-19   1.6946E-19   1.6548E-19   1.5864E-19   1.1589E-19  -1.3010E-19  -5.8221E-19  -9.6111E-19  -9.1670E-19  -1.7268E-19   1.8538E-18   5.6204E-18   1.1918E-17 
  2.5073E-17   3.9060E-17   2.8285E-17   3.7123E-17   3.2631E-17   2.2915E-17   1.6591E-17   1.5005E-17   1.3084E-17   1.1797E-17   1.1622E-17   1.1652E-17   1.1436E-17   1.0616E-17   8.5345E-18   6.1819E-18   4.8140E-18   4.0364E-18   3.2524E-18   2.4436E-18   1.6210E-18   9.8438E-19   5.5220E-19   3.2617E-19   2.2200E-19   1.7915E-19   1.5679E-19   1.4220E-19   1.3222E-19   1.2926E-19   1.3330E-19   1.3706E-19   1.3211E-19   1.2291E-19   7.9383E-20  -1.2907E-19  -4.8601E-19  -7.5415E-19  -6.5924E-19   1.6746E-21   1.6705E-18   4.6523E-18   9.3816E-18 
  1.8748E-17   2.9204E-17   2.1156E-17   2.7785E-17   2.4440E-17   1.7174E-17   1.2442E-17   1.1258E-17   9.8197E-18   8.8535E-18   8.7204E-18   8.7423E-18   8.5814E-18   7.9673E-18   6.4061E-18   4.6411E-18   3.6149E-18   3.0317E-18   2.4436E-18   1.8367E-18   1.2191E-18   7.4092E-19   4.1608E-19   2.4613E-19   1.6785E-19   1.3577E-19   1.1917E-19   1.0836E-19   1.0096E-19   9.8749E-20   1.0157E-19   1.0363E-19   9.8242E-20   8.7799E-20   4.6431E-20  -1.1989E-19  -3.8050E-19  -5.4519E-19  -4.1565E-19   1.4126E-19   1.4301E-18   3.6174E-18   6.8301E-18 
  1.2353E-17   1.9238E-17   1.3945E-17   1.8332E-17   1.6141E-17   1.1353E-17   8.2312E-18   7.4536E-18   6.5044E-18   5.8635E-18   5.7742E-18   5.7883E-18   5.6824E-18   5.2769E-18   4.2439E-18   3.0755E-18   2.3961E-18   2.0103E-18   1.6210E-18   1.2191E-18   8.0985E-19   4.9276E-19   2.7715E-19   1.6428E-19   1.1234E-19   9.1183E-20   8.0348E-20   7.3339E-20   6.8520E-20   6.7078E-20   6.8769E-20   6.9454E-20   6.4374E-20   5.4261E-20   1.9011E-20  -1.0003E-19  -2.6572E-19  -3.4093E-19  -2.0119E-19   2.2391E-19   1.1110E-18   2.5126E-18   4.3286E-18 
  7.4301E-18   1.1569E-17   8.3926E-18   1.1048E-17   9.7416E-18   6.8605E-18   4.9799E-18   4.5141E-18   3.9417E-18   3.5527E-18   3.4975E-18   3.5057E-18   3.4421E-18   3.1974E-18   2.5724E-18   1.8649E-18   1.4535E-18   1.2200E-18   9.8438E-19   7.4092E-19   4.9276E-19   3.0030E-19   1.6926E-19   1.0062E-19   6.9064E-20   5.6314E-20   4.9889E-20   4.5768E-20   4.2922E-20   4.2073E-20   4.2957E-20   4.2814E-20   3.8481E-20   2.9698E-20   1.8166E-21  -7.7691E-20  -1.7227E-19  -1.8945E-19  -5.9557E-20   2.4515E-19   8.1066E-19   1.6203E-18   2.4591E-18 
  4.1141E-18   6.4041E-18   4.6507E-18   6.1335E-18   5.4188E-18   3.8230E-18   2.7794E-18   2.5230E-18   2.2050E-18   1.9868E-18   1.9552E-18   1.9595E-18   1.9243E-18   1.7882E-18   1.4394E-18   1.0440E-18   8.1421E-19   6.8384E-19   5.5220E-19   4.1608E-19   2.7715E-19   1.6926E-19   9.5675E-20   5.7089E-20   3.9381E-20   3.2305E-20   2.8818E-20   2.6611E-20   2.5079E-20   2.4627E-20   2.5023E-20   2.4531E-20   2.1175E-20   1.4286E-20  -6.1655E-21  -5.6133E-20  -1.0463E-19  -9.2869E-20   1.3802E-20   2.1967E-19   5.5698E-19   9.7988E-19   1.2520E-18 
  2.3875E-18   3.7148E-18   2.7018E-18   3.5724E-18   3.1645E-18   2.2379E-18   1.6305E-18   1.4829E-18   1.2975E-18   1.1687E-18   1.1495E-18   1.1519E-18   1.1314E-18   1.0520E-18   8.4735E-19   6.1502E-19   4.8000E-19   4.0348E-19   3.2617E-19   2.4613E-19   1.6428E-19   1.0062E-19   5.7089E-20   3.4234E-20   2.3769E-20   1.9650E-20   1.7685E-20   1.6468E-20   1.5618E-20   1.5380E-20   1.5549E-20   1.4961E-20   1.2290E-20   6.7617E-21  -8.8891E-21  -4.2360E-20  -6.7366E-20  -4.3900E-20   4.5133E-20   1.9357E-19   4.0810E-19   6.3353E-19   6.4110E-19 
  1.5864E-18   2.4668E-18   1.7980E-18   2.3857E-18   2.1210E-18   1.5048E-18   1.0996E-18   1.0026E-18   8.7861E-19   7.9102E-19   7.7749E-19   7.7890E-19   7.6536E-19   7.1216E-19   5.7411E-19   4.1709E-19   3.2585E-19   2.7422E-19   2.2200E-19   1.6785E-19   1.1234E-19   6.9064E-20   3.9381E-20   2.3769E-20   1.6641E-20   1.3894E-20   1.2646E-20   1.1899E-20   1.1380E-20   1.1256E-20   1.1337E-20   1.0706E-20   8.3305E-21   3.3814E-21  -1.0160E-20  -3.6099E-20  -4.9768E-20  -1.9403E-20   6.3746E-20   1.8792E-19   3.4694E-19   4.7880E-19   3.5059E-19 
  1.2423E-18   1.9303E-18   1.4107E-18   1.8801E-18   1.6791E-18   1.1962E-18   8.7716E-19   8.0234E-19   7.0445E-19   6.3390E-19   6.2254E-19   6.2348E-19   6.1293E-19   5.7086E-19   4.6070E-19   3.3508E-19   2.6211E-19   2.2089E-19   1.7915E-19   1.3577E-19   9.1183E-20   5.6314E-20   3.2305E-20   1.9650E-20   1.3894E-20   1.1737E-20   1.0822E-20   1.0311E-20   9.9675E-21   9.9357E-21   1.0024E-20   9.3851E-21   7.0773E-21   2.2511E-21  -1.0664E-20  -3.3628E-20  -4.1191E-20  -3.9064E-21   8.2845E-20   2.0296E-19   3.4197E-19   4.2840E-19   2.0706E-19 
  1.0489E-18   1.6283E-18   1.1939E-18   1.5997E-18   1.4364E-18   1.0282E-18   7.5715E-19   6.9512E-19   6.1167E-19   5.5011E-19   5.3975E-19   5.4040E-19   5.3157E-19   4.9565E-19   4.0053E-19   2.9172E-19   2.2853E-19   1.9292E-19   1.5679E-19   1.1917E-19   8.0348E-20   4.9889E-20   2.8818E-20   1.7685E-20   1.2646E-20   1.0822E-20   1.0124E-20   9.7852E-21   9.5870E-21   9.6731E-21   9.8543E-21   9.3059E-21   7.1252E-21   2.5557E-21  -9.4816E-21  -3.0008E-20  -3.2798E-20   1.0789E-20   1.0290E-19   2.2397E-19   3.5330E-19   4.1050E-19   1.1688E-19 
  9.2066E-19   1.4281E-18   1.0501E-18   1.4137E-18   1.2755E-18   9.1685E-19   6.7757E-19   6.2407E-19   5.5020E-19   4.9472E-19   4.8505E-19   4.8553E-19   4.7791E-19   4.4613E-19   3.6098E-19   2.6326E-19   2.0652E-19   1.7461E-19   1.4220E-19   1.0836E-19   7.3339E-20   4.5768E-20   2.6611E-20   1.6468E-20   1.1899E-20   1.0311E-20   9.7852E-21   9.6112E-21   9.5915E-21   9.8931E-21   1.0383E-20   1.0312E-20   8.8929E-21   5.9241E-21  -1.8619E-21  -1.6127E-20  -1.4780E-20   2.7611E-20   1.1318E-19   2.2336E-19   3.3764E-19   3.8008E-19   9.1392E-20 
