# TOTAL RANDOM ERROR COVARIANCE MATRIX IN (MOL CM^-2)^2
# nmatr  = 2
# nrows  = 43
# ncols  = 43

Random
  2.6696E+23   2.4832E+24   3.2882E+24   1.3277E+25   2.3644E+25   2.5919E+25   2.4756E+25   2.9518E+25   3.2055E+25   3.5447E+25   4.5879E+25   6.1237E+25   7.5683E+25   7.9459E+25   6.4781E+25   4.5009E+25   3.5176E+25   3.1710E+25   2.7529E+25   2.2311E+25   1.5532E+25   9.0732E+24   3.8784E+24   4.5823E+23  -2.3221E+24  -5.8983E+24  -1.1266E+25  -1.8907E+25  -2.9400E+25  -4.4396E+25  -6.6329E+25  -9.5398E+25  -1.3126E+26  -1.9383E+26  -3.2255E+26  -3.6894E+26  -1.3230E+26   3.9482E+26   1.0697E+27   1.7529E+27   2.2917E+27   2.0556E+27  -1.8889E+27 
  2.4832E+24   2.3109E+25   3.0551E+25   1.2300E+26   2.1833E+26   2.3855E+26   2.2714E+26   2.6997E+26   2.9254E+26   3.2389E+26   4.1973E+26   5.6084E+26   6.9349E+26   7.2802E+26   5.9326E+26   4.1192E+26   3.2168E+26   2.8969E+26   2.5115E+26   2.0312E+26   1.4088E+26   8.1643E+25   3.4097E+25   2.7408E+24  -2.2962E+25  -5.6288E+25  -1.0633E+26  -1.7745E+26  -2.7487E+26  -4.1382E+26  -6.1647E+26  -8.8386E+26  -1.2118E+27  -1.7812E+27  -2.9456E+27  -3.3335E+27  -1.1349E+27   3.6721E+27   9.7653E+27   1.5895E+28   2.0717E+28   1.8588E+28  -1.6834E+28 
  3.2882E+24   3.0551E+25   4.0621E+25   1.6523E+26   2.9669E+26   3.2787E+26   3.1561E+26   3.7929E+26   4.1400E+26   4.5650E+26   5.8910E+26   7.8433E+26   9.6830E+26   1.0170E+27   8.3018E+26   5.7777E+26   4.5248E+26   4.0895E+26   3.5630E+26   2.9031E+26   2.0406E+26   1.2159E+26   5.4913E+25   1.1195E+25  -2.3568E+25  -6.7309E+25  -1.3287E+26  -2.2664E+26  -3.5621E+26  -5.4243E+26  -8.1683E+26  -1.1847E+27  -1.6457E+27  -2.4587E+27  -4.1578E+27  -4.8835E+27  -1.9673E+27   4.8510E+27   1.3799E+28   2.3004E+28   3.0309E+28   2.7188E+28  -2.5793E+28 
  1.3277E+25   1.2300E+26   1.6523E+26   6.8420E+26   1.2530E+27   1.4109E+27   1.3823E+27   1.6904E+27   1.8659E+27   2.0449E+27   2.6221E+27   3.4725E+27   4.2777E+27   4.4976E+27   3.6825E+27   2.5729E+27   2.0245E+27   1.8406E+27   1.6164E+27   1.3329E+27   9.5673E+26   5.9410E+26   2.9711E+26   1.0424E+26  -4.1177E+25  -2.1387E+26  -4.7164E+26  -8.4492E+26  -1.3694E+27  -2.1338E+27  -3.2813E+27  -4.8629E+27  -6.9174E+27  -1.0632E+28  -1.8656E+28  -2.3200E+28  -1.1470E+28   1.9359E+28   6.2028E+28   1.0736E+29   1.4383E+29   1.2910E+29  -1.3016E+29 
  2.3644E+25   2.1833E+26   2.9669E+26   1.2530E+27   2.3430E+27   2.6897E+27   2.6817E+27   3.3345E+27   3.7200E+27   4.0542E+27   5.1686E+27   6.8124E+27   8.3780E+27   8.8215E+27   7.2463E+27   5.0835E+27   4.0193E+27   3.6761E+27   3.2542E+27   2.7151E+27   1.9884E+27   1.2813E+27   6.9417E+26   3.1652E+26   4.7985E+25  -2.4856E+26  -6.8836E+26  -1.3356E+27  -2.2638E+27  -3.6399E+27  -5.7506E+27  -8.7508E+27  -1.2798E+28  -2.0298E+28  -3.7008E+28  -4.8577E+28  -2.8022E+28   3.3585E+28   1.2326E+29   2.2133E+29   3.0131E+29   2.7096E+29  -2.8622E+29 
  2.5919E+25   2.3855E+26   3.2787E+26   1.4109E+27   2.6897E+27   3.1411E+27   3.1795E+27   4.0094E+27   4.5120E+27   4.8959E+27   6.2131E+27   8.1590E+27   1.0024E+28   1.0571E+28   8.7098E+27   6.1327E+27   4.8697E+27   4.4772E+27   3.9907E+27   3.3636E+27   2.5048E+27   1.6620E+27   9.5315E+26   5.0099E+26   1.9706E+26  -1.1266E+26  -5.6810E+26  -1.2509E+27  -2.2525E+27  -3.7647E+27  -6.1359E+27  -9.6102E+27  -1.4463E+28  -2.3655E+28  -4.4672E+28  -6.1383E+28  -3.9508E+28   3.5329E+28   1.4905E+29   2.7637E+29   3.8152E+29   3.4403E+29  -3.7545E+29 
  2.4756E+25   2.2714E+26   3.1561E+26   1.3823E+27   2.6817E+27   3.1795E+27   3.2603E+27   4.1599E+27   4.7152E+27   5.0986E+27   6.4470E+27   8.4424E+27   1.0366E+28   1.0951E+28   9.0476E+27   6.3916E+27   5.0944E+27   4.7052E+27   4.2191E+27   3.5871E+27   2.7089E+27   1.8401E+27   1.1007E+27   6.3244E+26   3.3407E+26   5.5699E+25  -3.4906E+26  -9.6910E+26  -1.9018E+27  -3.3371E+27  -5.6393E+27  -9.1135E+27  -1.4125E+28  -2.3800E+28  -4.6407E+28  -6.6283E+28  -4.6250E+28   3.1951E+28   1.5519E+29   2.9585E+29   4.1324E+29   3.7369E+29  -4.1765E+29 
  2.9518E+25   2.6997E+26   3.7929E+26   1.6904E+27   3.3345E+27   4.0094E+27   4.1599E+27   5.3634E+27   6.1180E+27   6.5961E+27   8.3155E+27   1.0865E+28   1.3339E+28   1.4116E+28   1.1694E+28   8.2868E+27   6.6284E+27   6.1478E+27   5.5429E+27   4.7500E+27   3.6324E+27   2.5177E+27   1.5581E+27   9.5455E+26   5.9000E+26   2.8335E+26  -1.5560E+26  -8.4649E+26  -1.9171E+27  -3.6012E+27  -6.3694E+27  -1.0677E+28  -1.7088E+28  -2.9685E+28  -5.9698E+28  -8.8296E+28  -6.5784E+28   3.5324E+28   1.9997E+29   3.9106E+29   5.5217E+29   5.0140E+29  -5.6630E+29 
  3.2055E+25   2.9254E+26   4.1400E+26   1.8659E+27   3.7200E+27   4.5120E+27   4.7152E+27   6.1180E+27   7.0058E+27   7.5415E+27   9.4922E+27   1.2390E+28   1.5217E+28   1.6128E+28   1.3388E+28   9.5086E+27   7.6247E+27   7.0925E+27   6.4191E+27   5.5313E+27   4.2664E+27   2.9971E+27   1.8951E+27   1.2051E+27   8.0470E+26   4.9707E+26   6.4133E+25  -6.3474E+26  -1.7464E+27  -3.5272E+27  -6.5125E+27  -1.1269E+28  -1.8514E+28  -3.2931E+28  -6.7747E+28  -1.0267E+29  -7.9814E+28   3.5313E+28   2.2720E+29   4.5263E+29   6.4443E+29   5.8801E+29  -6.6283E+29 
  3.5447E+25   3.2389E+26   4.5650E+26   2.0449E+27   4.0542E+27   4.8959E+27   5.0986E+27   6.5961E+27   7.5415E+27   8.1283E+27   1.0245E+28   1.3394E+28   1.6469E+28   1.7469E+28   1.4505E+28   1.0302E+28   8.2613E+27   7.6844E+27   6.9552E+27   5.9948E+27   4.6260E+27   3.2515E+27   2.0568E+27   1.3084E+27   8.7413E+26   5.4154E+26   7.5525E+25  -6.7575E+26  -1.8682E+27  -3.7762E+27  -6.9691E+27  -1.2049E+28  -1.9782E+28  -3.5163E+28  -7.2296E+28  -1.0952E+29  -8.5130E+28   3.7764E+28   2.4283E+29   4.8429E+29   6.9086E+29   6.3321E+29  -6.9986E+29 
  4.5879E+25   4.1973E+26   5.8910E+26   2.6221E+27   5.1686E+27   6.2131E+27   6.4470E+27   8.3155E+27   9.4922E+27   1.0245E+28   1.2936E+28   1.6943E+28   2.0868E+28   2.2160E+28   1.8410E+28   1.3082E+28   1.0494E+28   9.7639E+27   8.8423E+27   7.6291E+27   5.8969E+27   4.1547E+27   2.6363E+27   1.6851E+27   1.1358E+27   7.2207E+26   1.4721E+26  -7.8168E+26  -2.2579E+27  -4.6222E+27  -8.5813E+27  -1.4890E+28  -2.4514E+28  -4.3683E+28  -9.0028E+28  -1.3679E+29  -1.0710E+29   4.5647E+28   3.0184E+29   6.0507E+29   8.6727E+29   8.0199E+29  -8.5360E+29 
  6.1237E+25   5.6084E+26   7.8433E+26   3.4725E+27   6.8124E+27   8.1590E+27   8.4424E+27   1.0865E+28   1.2390E+28   1.3394E+28   1.6943E+28   2.2244E+28   2.7467E+28   2.9231E+28   2.4321E+28   1.7304E+28   1.3899E+28   1.2950E+28   1.1751E+28   1.0171E+28   7.9015E+27   5.6084E+27   3.5968E+27   2.3381E+27   1.6261E+27   1.1210E+27   4.3351E+26  -6.9392E+26  -2.5087E+27  -5.4418E+27  -1.0397E+28  -1.8385E+28  -3.0723E+28  -5.5469E+28  -1.1574E+29  -1.7823E+29  -1.4298E+29   5.3503E+28   3.8847E+29   7.8964E+29   1.1421E+30   1.0678E+30  -1.1007E+30 
  7.5683E+25   6.9349E+26   9.6830E+26   4.2777E+27   8.3780E+27   1.0024E+28   1.0366E+28   1.3339E+28   1.5217E+28   1.6469E+28   2.0868E+28   2.7467E+28   3.4025E+28   3.6328E+28   3.0304E+28   2.1613E+28   1.7403E+28   1.6260E+28   1.4811E+28   1.2894E+28   1.0107E+28   7.2687E+27   4.7507E+27   3.1804E+27   2.3286E+27   1.7996E+27   1.1124E+27  -6.1632E+25  -2.0189E+27  -5.2580E+27  -1.0856E+28  -2.0133E+28  -3.4850E+28  -6.4789E+28  -1.3877E+29  -2.1951E+29  -1.8407E+29   5.2078E+28   4.6685E+29   9.7290E+29   1.4274E+30   1.3545E+30  -1.3400E+30 
  7.9459E+25   7.2802E+26   1.0170E+27   4.4976E+27   8.8215E+27   1.0571E+28   1.0951E+28   1.4116E+28   1.6128E+28   1.7469E+28   2.2160E+28   2.9231E+28   3.6328E+28   3.8927E+28   3.2572E+28   2.3299E+28   1.8819E+28   1.7645E+28   1.6147E+28   1.4155E+28   1.1211E+28   8.1851E+27   5.4644E+27   3.7753E+27   2.9089E+27   2.4758E+27   1.9634E+27   1.0082E+27  -6.9617E+26  -3.6367E+27  -8.9165E+27  -1.8046E+28  -3.3091E+28  -6.4287E+28  -1.4284E+29  -2.3402E+29  -2.0689E+29   3.6980E+28   4.8163E+29   1.0358E+30   1.5448E+30   1.4896E+30  -1.4086E+30 
  6.4781E+25   5.9326E+26   8.3018E+26   3.6825E+27   7.2463E+27   8.7098E+27   9.0476E+27   1.1694E+28   1.3388E+28   1.4505E+28   1.8410E+28   2.4321E+28   3.0304E+28   3.2572E+28   2.7329E+28   1.9601E+28   1.5877E+28   1.4932E+28   1.3722E+28   1.2101E+28   9.6707E+27   7.1502E+27   4.8572E+27   3.4398E+27   2.7512E+27   2.4921E+27   2.2351E+27   1.6679E+27   5.4136E+26  -1.5168E+27  -5.3945E+27  -1.2435E+28  -2.4512E+28  -5.0034E+28  -1.1548E+29  -1.9567E+29  -1.8119E+29   1.6660E+28   3.9031E+29   8.6457E+29   1.3080E+30   1.2777E+30  -1.1677E+30 
  4.5009E+25   4.1192E+26   5.7777E+26   2.5729E+27   5.0835E+27   6.1327E+27   6.3916E+27   8.2868E+27   9.5086E+27   1.0302E+28   1.3082E+28   1.7304E+28   2.1613E+28   2.3299E+28   1.9601E+28   1.4095E+28   1.1448E+28   1.0800E+28   9.9644E+27   8.8379E+27   7.1224E+27   5.3277E+27   3.6761E+27   2.6596E+27   2.1932E+27   2.0814E+27   2.0199E+27   1.7794E+27   1.1867E+27   4.4109E+23  -2.3901E+27  -7.0042E+27  -1.5285E+28  -3.3144E+28  -7.9798E+28  -1.4000E+29  -1.3549E+29   1.7838E+27   2.7048E+29   6.1757E+29   9.4743E+29   9.3651E+29  -8.2946E+29 
  3.5176E+25   3.2168E+26   4.5248E+26   2.0245E+27   4.0193E+27   4.8697E+27   5.0944E+27   6.6284E+27   7.6247E+27   8.2613E+27   1.0494E+28   1.3899E+28   1.7403E+28   1.8819E+28   1.5877E+28   1.1448E+28   9.3249E+27   8.8248E+27   8.1755E+27   7.2936E+27   5.9276E+27   4.4851E+27   3.1414E+27   2.3184E+27   1.9641E+27   1.9371E+27   1.9924E+27   1.9401E+27   1.6446E+27   9.3264E+26  -6.6851E+26  -4.0319E+27  -1.0414E+28  -2.4498E+28  -6.2051E+28  -1.1314E+29  -1.1453E+29  -7.2699E+27   2.1105E+29   4.9822E+29   7.7557E+29   7.7595E+29  -6.6554E+29 
  3.1710E+25   2.8969E+26   4.0895E+26   1.8406E+27   3.6761E+27   4.4772E+27   4.7052E+27   6.1478E+27   7.0925E+27   7.6844E+27   9.7639E+27   1.2950E+28   1.6260E+28   1.7645E+28   1.4932E+28   1.0800E+28   8.8248E+27   8.3805E+27   7.7988E+27   7.0014E+27   5.7413E+27   4.3964E+27   3.1265E+27   2.3529E+27   2.0446E+27   2.0861E+27   2.2491E+27   2.3504E+27   2.2677E+27   1.8614E+27   7.1052E+26  -2.0563E+27  -7.7119E+27  -2.0555E+28  -5.5623E+28  -1.0613E+29  -1.1277E+29  -1.6059E+28   1.9002E+29   4.6653E+29   7.3818E+29   7.4832E+29  -6.1950E+29 
  2.7529E+25   2.5115E+26   3.5630E+26   1.6164E+27   3.2542E+27   3.9907E+27   4.2191E+27   5.5429E+27   6.4191E+27   6.9552E+27   8.8423E+27   1.1751E+28   1.4811E+28   1.6147E+28   1.3722E+28   9.9644E+27   8.1755E+27   7.7988E+27   7.2993E+27   6.6054E+27   5.4774E+27   4.2558E+27   3.0815E+27   2.3711E+27   2.1181E+27   2.2376E+27   2.5224E+27   2.7991E+27   2.9618E+27   2.9114E+27   2.2906E+27   2.3932E+26  -4.5225E+27  -1.5805E+28  -4.7661E+28  -9.7006E+28  -1.0966E+29  -2.6061E+28   1.6392E+29   4.2558E+29   6.8831E+29   7.1005E+29  -5.5921E+29 
  2.2311E+25   2.0312E+26   2.9031E+26   1.3329E+27   2.7151E+27   3.3636E+27   3.5871E+27   4.7500E+27   5.5313E+27   5.9948E+27   7.6291E+27   1.0171E+28   1.2894E+28   1.4155E+28   1.2101E+28   8.8379E+27   7.2936E+27   7.0014E+27   6.6054E+27   6.0429E+27   5.0864E+27   4.0275E+27   2.9826E+27   2.3569E+27   2.1724E+27   2.3817E+27   2.8058E+27   3.2855E+27   3.7364E+27   4.1091E+27   4.1288E+27   2.9628E+27  -6.5638E+26  -9.8961E+27  -3.7409E+28  -8.4574E+28  -1.0420E+29  -3.7577E+28   1.3024E+29   3.7023E+29   6.1860E+29   6.5447E+29  -4.7679E+29 
  1.5532E+25   1.4088E+26   2.0406E+26   9.5673E+26   1.9884E+27   2.5048E+27   2.7089E+27   3.6324E+27   4.2664E+27   4.6260E+27   5.8969E+27   7.9015E+27   1.0107E+28   1.1211E+28   9.6707E+27   7.1224E+27   5.9276E+27   5.7413E+27   5.4774E+27   5.0864E+27   4.3674E+27   3.5430E+27   2.6973E+27   2.1984E+27   2.0971E+27   2.3884E+27   2.9338E+27   3.5996E+27   4.3297E+27   5.1313E+27   5.8346E+27   5.6883E+27   3.5161E+27  -2.9694E+27  -2.4150E+28  -6.6104E+28  -9.2011E+28  -4.7601E+28   8.6384E+28   2.8882E+29   5.0721E+29   5.5658E+29  -3.5846E+29 
  9.0732E+24   8.1643E+25   1.2159E+26   5.9410E+26   1.2813E+27   1.6620E+27   1.8401E+27   2.5177E+27   2.9971E+27   3.2515E+27   4.1547E+27   5.6084E+27   7.2687E+27   8.1851E+27   7.1502E+27   5.3277E+27   4.4851E+27   4.3964E+27   4.2558E+27   4.0275E+27   3.5430E+27   2.9565E+27   2.3205E+27   1.9534E+27   1.9273E+27   2.2732E+27   2.8944E+27   3.6858E+27   4.6192E+27   5.7503E+27   7.0088E+27   7.7516E+27   6.9380E+27   3.1492E+27  -1.1537E+28  -4.6974E+28  -7.7059E+28  -5.3909E+28   4.4613E+28   2.0528E+29   3.8782E+29   4.4692E+29  -2.3886E+29 
  3.8784E+24   3.4097E+25   5.4913E+25   2.9711E+26   6.9417E+26   9.5315E+26   1.1007E+27   1.5581E+27   1.8951E+27   2.0568E+27   2.6363E+27   3.5968E+27   4.7507E+27   5.4644E+27   4.8572E+27   3.6761E+27   3.1414E+27   3.1265E+27   3.0815E+27   2.9826E+27   2.6973E+27   2.3205E+27   1.8790E+27   1.6319E+27   1.6606E+27   2.0186E+27   2.6467E+27   3.4687E+27   4.4789E+27   5.7651E+27   7.3346E+27   8.6706E+27   8.9070E+27   7.3550E+27  -1.5560E+27  -2.9720E+28  -6.0670E+28  -5.4520E+28   1.1462E+28   1.3073E+29   2.7475E+29   3.3698E+29  -1.3531E+29 
  4.5823E+23   2.7408E+24   1.1195E+25   1.0424E+26   3.1652E+26   5.0099E+26   6.3244E+26   9.5455E+26   1.2051E+27   1.3084E+27   1.6851E+27   2.3381E+27   3.1804E+27   3.7753E+27   3.4398E+27   2.6596E+27   2.3184E+27   2.3529E+27   2.3711E+27   2.3569E+27   2.1984E+27   1.9534E+27   1.6319E+27   1.4599E+27   1.5275E+27   1.9059E+27   2.5604E+27   3.4337E+27   4.5374E+27   5.9865E+27   7.8470E+27   9.6764E+27   1.0703E+28   1.0746E+28   5.7369E+27  -1.8217E+28  -5.1066E+28  -5.7084E+28  -1.2050E+28   8.2199E+28   2.0453E+29   2.7215E+29  -6.4465E+28 
 -2.3221E+24  -2.2962E+25  -2.3568E+25  -4.1177E+25   4.7985E+25   1.9706E+26   3.3407E+26   5.9000E+26   8.0470E+26   8.7413E+26   1.1358E+27   1.6261E+27   2.3286E+27   2.9089E+27   2.7512E+27   2.1932E+27   1.9641E+27   2.0446E+27   2.1181E+27   2.1724E+27   2.0971E+27   1.9273E+27   1.6606E+27   1.5275E+27   1.6388E+27   2.0919E+27   2.8689E+27   3.9225E+27   5.2826E+27   7.1097E+27   9.5366E+27   1.2125E+28   1.4074E+28   1.5651E+28   1.3574E+28  -1.0162E+28  -5.0002E+28  -6.8387E+28  -3.5656E+28   5.0616E+28   1.7297E+29   2.5739E+29  -6.5361E+27 
 -5.8983E+24  -5.6288E+25  -6.7309E+25  -2.1387E+26  -2.4856E+26  -1.1266E+26   5.5699E+25   2.8335E+26   4.9707E+26   5.4154E+26   7.2207E+26   1.1210E+27   1.7996E+27   2.4758E+27   2.4921E+27   2.0814E+27   1.9371E+27   2.0861E+27   2.2376E+27   2.3817E+27   2.3884E+27   2.2732E+27   2.0186E+27   1.9059E+27   2.0919E+27   2.7249E+27   3.8058E+27   5.2927E+27   7.2483E+27   9.9264E+27   1.3580E+28   1.7703E+28   2.1312E+28   2.5356E+28   2.7071E+28  -5.9591E+26  -5.7432E+28  -9.6349E+28  -7.4368E+28   1.7594E+28   1.6422E+29   2.8961E+29   7.7497E+28 
 -1.1266E+25  -1.0633E+26  -1.3287E+26  -4.7164E+26  -6.8836E+26  -5.6810E+26  -3.4906E+26  -1.5560E+26   6.4133E+25   7.5525E+25   1.4721E+26   4.3351E+26   1.1124E+27   1.9634E+27   2.2351E+27   2.0199E+27   1.9924E+27   2.2491E+27   2.5224E+27   2.8058E+27   2.9338E+27   2.8944E+27   2.6467E+27   2.5604E+27   2.8689E+27   3.8058E+27   5.4042E+27   7.6333E+27   1.0617E+28   1.4775E+28   2.0581E+28   2.7430E+28   3.4041E+28   4.2605E+28   5.1459E+28   1.7559E+28  -6.8986E+28  -1.4470E+29  -1.4268E+29  -4.1303E+28   1.4884E+29   3.4943E+29   2.3513E+29 
 -1.8907E+25  -1.7745E+26  -2.2664E+26  -8.4492E+26  -1.3356E+27  -1.2509E+27  -9.6910E+26  -8.4649E+26  -6.3474E+26  -6.7575E+26  -7.8168E+26  -6.9392E+26  -6.1632E+25   1.0082E+27   1.6679E+27   1.7794E+27   1.9401E+27   2.3504E+27   2.7991E+27   3.2855E+27   3.5996E+27   3.6858E+27   3.4687E+27   3.4337E+27   3.9225E+27   5.2927E+27   7.6333E+27   1.0944E+28   1.5453E+28   2.1849E+28   3.0979E+28   4.2180E+28   5.3843E+28   7.0398E+28   9.3128E+28   5.4168E+28  -7.6589E+28  -2.1504E+29  -2.5737E+29  -1.5896E+29   8.3515E+28   4.0685E+29   5.5237E+29 
 -2.9400E+25  -2.7487E+26  -3.5621E+26  -1.3694E+27  -2.2638E+27  -2.2525E+27  -1.9018E+27  -1.9171E+27  -1.7464E+27  -1.8682E+27  -2.2579E+27  -2.5087E+27  -2.0189E+27  -6.9617E+26   5.4136E+26   1.1867E+27   1.6446E+27   2.2677E+27   2.9618E+27   3.7364E+27   4.3297E+27   4.6192E+27   4.4789E+27   4.5374E+27   5.2826E+27   7.2483E+27   1.0617E+28   1.5453E+28   2.2161E+28   3.1854E+28   4.6007E+28   6.4036E+28   8.4081E+28   1.1456E+29   1.6356E+29   1.2557E+29  -6.8585E+28  -3.1254E+29  -4.4695E+29  -3.8579E+29  -9.2526E+28   4.2708E+29   1.1622E+30 
 -4.4396E+25  -4.1382E+26  -5.4243E+26  -2.1338E+27  -3.6399E+27  -3.7647E+27  -3.3371E+27  -3.6012E+27  -3.5272E+27  -3.7762E+27  -4.6222E+27  -5.4418E+27  -5.2580E+27  -3.6367E+27  -1.5168E+27   4.4109E+23   9.3264E+26   1.8614E+27   2.9114E+27   4.1091E+27   5.1313E+27   5.7503E+27   5.7651E+27   5.9865E+27   7.1097E+27   9.9264E+27   1.4775E+28   2.1849E+28   3.1854E+28   4.6599E+28   6.8640E+28   9.7777E+28   1.3215E+29   1.8744E+29   2.8617E+29   2.6361E+29  -2.4248E+28  -4.5036E+29  -7.6880E+29  -8.1792E+29  -4.8963E+29   3.5606E+29   2.3337E+30 
 -6.6329E+25  -6.1647E+26  -8.1683E+26  -3.2813E+27  -5.7506E+27  -6.1359E+27  -5.6393E+27  -6.3694E+27  -6.5125E+27  -6.9691E+27  -8.5813E+27  -1.0397E+28  -1.0856E+28  -8.9165E+27  -5.3945E+27  -2.3901E+27  -6.6851E+26   7.1052E+26   2.2906E+27   4.1288E+27   5.8346E+27   7.0088E+27   7.3346E+27   7.8470E+27   9.5366E+27   1.3580E+28   2.0581E+28   3.0979E+28   4.6007E+28   6.8640E+28   1.0336E+29   1.5109E+29   2.1077E+29   3.1184E+29   5.0812E+29   5.4019E+29   1.1560E+29  -6.3748E+29  -1.3379E+30  -1.6808E+30  -1.4000E+30   6.8506E+27   4.7161E+30 
 -9.5398E+25  -8.8386E+26  -1.1847E+27  -4.8629E+27  -8.7508E+27  -9.6102E+27  -9.1135E+27  -1.0677E+28  -1.1269E+28  -1.2049E+28  -1.4890E+28  -1.8385E+28  -2.0133E+28  -1.8046E+28  -1.2435E+28  -7.0042E+27  -4.0319E+27  -2.0563E+27   2.3932E+26   2.9628E+27   5.6883E+27   7.7516E+27   8.6706E+27   9.6764E+27   1.2125E+28   1.7703E+28   2.7430E+28   4.2180E+28   6.4036E+28   9.7777E+28   1.5109E+29   2.2756E+29   3.2904E+29   5.0974E+29   8.8698E+29   1.0650E+30   4.7377E+29  -8.2977E+29  -2.2794E+30  -3.3164E+30  -3.3471E+30  -1.0468E+30   9.3360E+30 
 -1.3126E+26  -1.2118E+27  -1.6457E+27  -6.9174E+27  -1.2798E+28  -1.4463E+28  -1.4125E+28  -1.7088E+28  -1.8514E+28  -1.9782E+28  -2.4514E+28  -3.0723E+28  -3.4850E+28  -3.3091E+28  -2.4512E+28  -1.5285E+28  -1.0414E+28  -7.7119E+27  -4.5225E+27  -6.5638E+26   3.5161E+27   6.9380E+27   8.9070E+27   1.0703E+28   1.4074E+28   2.1312E+28   3.4041E+28   5.3843E+28   8.4081E+28   1.3215E+29   2.1077E+29   3.2904E+29   4.9605E+29   8.0880E+29   1.5057E+30   2.0138E+30   1.2704E+30  -9.1147E+29  -3.7499E+30  -6.2601E+30  -7.2174E+30  -3.5898E+30   1.7862E+31 
 -1.9383E+26  -1.7812E+27  -2.4587E+27  -1.0632E+28  -2.0298E+28  -2.3655E+28  -2.3800E+28  -2.9685E+28  -3.2931E+28  -3.5163E+28  -4.3683E+28  -5.5469E+28  -6.4789E+28  -6.4287E+28  -5.0034E+28  -3.3144E+28  -2.4498E+28  -2.0555E+28  -1.5805E+28  -9.8961E+27  -2.9694E+27   3.1492E+27   7.3550E+27   1.0746E+28   1.5651E+28   2.5356E+28   4.2605E+28   7.0398E+28   1.1456E+29   1.8744E+29   3.1184E+29   5.0974E+29   8.0880E+29   1.3990E+30   2.7983E+30   4.1362E+30   3.2724E+30  -6.8708E+29  -6.6594E+30  -1.2769E+31  -1.6336E+31  -1.0194E+31   3.7186E+31 
 -3.2255E+26  -2.9456E+27  -4.1578E+27  -1.8656E+28  -3.7008E+28  -4.4672E+28  -4.6407E+28  -5.9698E+28  -6.7747E+28  -7.2296E+28  -9.0028E+28  -1.1574E+29  -1.3877E+29  -1.4284E+29  -1.1548E+29  -7.9798E+28  -6.2051E+28  -5.5623E+28  -4.7661E+28  -3.7409E+28  -2.4150E+28  -1.1537E+28  -1.5560E+27   5.7369E+27   1.3574E+28   2.7071E+28   5.1459E+28   9.3128E+28   1.6356E+29   2.8617E+29   5.0812E+29   8.8698E+29   1.5057E+30   2.7983E+30   6.0588E+30   9.8685E+30   9.2644E+30   1.0589E+30  -1.3328E+31  -2.9816E+31  -4.1745E+31  -3.0149E+31   8.9116E+31 
 -3.6894E+26  -3.3335E+27  -4.8835E+27  -2.3200E+28  -4.8577E+28  -6.1383E+28  -6.6283E+28  -8.8296E+28  -1.0267E+29  -1.0952E+29  -1.3679E+29  -1.7823E+29  -2.1951E+29  -2.3402E+29  -1.9567E+29  -1.4000E+29  -1.1314E+29  -1.0613E+29  -9.7006E+28  -8.4574E+28  -6.6104E+28  -4.6974E+28  -2.9720E+28  -1.8217E+28  -1.0162E+28  -5.9591E+26   1.7559E+28   5.4168E+28   1.2557E+29   2.6361E+29   5.4019E+29   1.0650E+30   2.0138E+30   4.1362E+30   9.8685E+30   1.7843E+31   1.9518E+31   7.3947E+30  -1.8117E+31  -5.0599E+31  -7.7961E+31  -6.3590E+31   1.5652E+32 
 -1.3230E+26  -1.1349E+27  -1.9673E+27  -1.1470E+28  -2.8022E+28  -3.9508E+28  -4.6250E+28  -6.5784E+28  -7.9814E+28  -8.5130E+28  -1.0710E+29  -1.4298E+29  -1.8407E+29  -2.0689E+29  -1.8119E+29  -1.3549E+29  -1.1453E+29  -1.1277E+29  -1.0966E+29  -1.0420E+29  -9.2011E+28  -7.7059E+28  -6.0670E+28  -5.1066E+28  -5.0002E+28  -5.7432E+28  -6.8986E+28  -7.6589E+28  -6.8585E+28  -2.4248E+28   1.1560E+29   4.7377E+29   1.2704E+30   3.2724E+30   9.2644E+30   1.9518E+31   2.5758E+31   1.7808E+31  -7.0094E+30  -4.3669E+31  -8.0245E+31  -7.7246E+31   1.4472E+32 
  3.9482E+26   3.6721E+27   4.8510E+27   1.9359E+28   3.3585E+28   3.5329E+28   3.1951E+28   3.5324E+28   3.5313E+28   3.7764E+28   4.5647E+28   5.3503E+28   5.2078E+28   3.6980E+28   1.6660E+28   1.7838E+27  -7.2699E+27  -1.6059E+28  -2.6061E+28  -3.7577E+28  -4.7601E+28  -5.3909E+28  -5.4520E+28  -5.7084E+28  -6.8387E+28  -9.6349E+28  -1.4470E+29  -2.1504E+29  -3.1254E+29  -4.5036E+29  -6.3748E+29  -8.2977E+29  -9.1147E+29  -6.8708E+29   1.0589E+30   7.3947E+30   1.7808E+31   2.6377E+31   2.7205E+31   1.7845E+31  -2.1873E+30  -2.8017E+31  -3.3646E+31 
  1.0697E+27   9.7653E+27   1.3799E+28   6.2028E+28   1.2326E+29   1.4905E+29   1.5519E+29   1.9997E+29   2.2720E+29   2.4283E+29   3.0184E+29   3.8847E+29   4.6685E+29   4.8163E+29   3.9031E+29   2.7048E+29   2.1105E+29   1.9002E+29   1.6392E+29   1.3024E+29   8.6384E+28   4.4613E+28   1.1462E+28  -1.2050E+28  -3.5656E+28  -7.4368E+28  -1.4268E+29  -2.5737E+29  -4.4695E+29  -7.6880E+29  -1.3379E+30  -2.2794E+30  -3.7499E+30  -6.6594E+30  -1.3328E+31  -1.8117E+31  -7.0094E+30   2.7205E+31   7.8080E+31   1.3112E+32   1.6138E+32   9.8142E+31  -3.7446E+32 
  1.7529E+27   1.5895E+28   2.3004E+28   1.0736E+29   2.2133E+29   2.7637E+29   2.9585E+29   3.9106E+29   4.5263E+29   4.8429E+29   6.0507E+29   7.8964E+29   9.7290E+29   1.0358E+30   8.6457E+29   6.1757E+29   4.9822E+29   4.6653E+29   4.2558E+29   3.7023E+29   2.8882E+29   2.0528E+29   1.3073E+29   8.2199E+28   5.0616E+28   1.7594E+28  -4.1303E+28  -1.5896E+29  -3.8579E+29  -8.1792E+29  -1.6808E+30  -3.3164E+30  -6.2601E+30  -1.2769E+31  -2.9816E+31  -5.0599E+31  -4.3669E+31   1.7845E+31   1.3112E+32   2.6887E+32   3.7593E+32   2.8130E+32  -7.9171E+32 
  2.2917E+27   2.0717E+28   3.0309E+28   1.4383E+29   3.0131E+29   3.8152E+29   4.1324E+29   5.5217E+29   6.4443E+29   6.9086E+29   8.6727E+29   1.1421E+30   1.4274E+30   1.5448E+30   1.3080E+30   9.4743E+29   7.7557E+29   7.3818E+29   6.8831E+29   6.1860E+29   5.0721E+29   3.8782E+29   2.7475E+29   2.0453E+29   1.7297E+29   1.6422E+29   1.4884E+29   8.3515E+28  -9.2526E+28  -4.8963E+29  -1.4000E+30  -3.3471E+30  -7.2174E+30  -1.6336E+31  -4.1745E+31  -7.7961E+31  -8.0245E+31  -2.1873E+30   1.6138E+32   3.7593E+32   5.6369E+32   4.6759E+32  -1.0947E+33 
  2.0556E+27   1.8588E+28   2.7188E+28   1.2910E+29   2.7096E+29   3.4403E+29   3.7369E+29   5.0140E+29   5.8801E+29   6.3321E+29   8.0199E+29   1.0678E+30   1.3545E+30   1.4896E+30   1.2777E+30   9.3651E+29   7.7595E+29   7.4832E+29   7.1005E+29   6.5447E+29   5.5658E+29   4.4692E+29   3.3698E+29   2.7215E+29   2.5739E+29   2.8961E+29   3.4943E+29   4.0685E+29   4.2708E+29   3.5606E+29   6.8506E+27  -1.0468E+30  -3.5898E+30  -1.0194E+31  -3.0149E+31  -6.3590E+31  -7.7246E+31  -2.8017E+31   9.8142E+31   2.8130E+32   4.6759E+32   4.5537E+32  -6.9846E+32 
 -1.8889E+27  -1.6834E+28  -2.5793E+28  -1.3016E+29  -2.8622E+29  -3.7545E+29  -4.1765E+29  -5.6630E+29  -6.6283E+29  -6.9986E+29  -8.5360E+29  -1.1007E+30  -1.3400E+30  -1.4086E+30  -1.1677E+30  -8.2946E+29  -6.6554E+29  -6.1950E+29  -5.5921E+29  -4.7679E+29  -3.5846E+29  -2.3886E+29  -1.3531E+29  -6.4465E+28  -6.5361E+27   7.7497E+28   2.3513E+29   5.5237E+29   1.1622E+30   2.3337E+30   4.7161E+30   9.3360E+30   1.7862E+31   3.7186E+31   8.9116E+31   1.5652E+32   1.4472E+32  -3.3646E+31  -3.7446E+32  -7.9171E+32  -1.0947E+33  -6.9846E+32   3.1265E+33 


Systematic
  1.3291E+23   1.2259E+24   1.6733E+24   7.1242E+24   1.3451E+25   1.5594E+25   1.5694E+25   1.9738E+25   2.2266E+25   2.4331E+25   3.1296E+25   4.1734E+25   5.2290E+25   5.6320E+25   4.7201E+25   3.3783E+25   2.7294E+25   2.5594E+25   2.3448E+25   2.0642E+25   1.6495E+25   1.2219E+25   8.3424E+24   5.9806E+24   4.9223E+24   4.7958E+24   5.0435E+24   5.4811E+24   6.1623E+24   7.4348E+24   9.9466E+24   1.4280E+25   2.1136E+25   3.5641E+25   6.9732E+25   8.7817E+25  -1.1756E+25  -2.9129E+26  -6.7886E+26  -9.7125E+26  -6.7495E+26   1.2643E+27   9.4691E+27 
  1.2259E+24   1.1308E+25   1.5432E+25   6.5693E+25   1.2401E+26   1.4374E+26   1.4464E+26   1.8188E+26   2.0516E+26   2.2419E+26   2.8838E+26   3.8456E+26   4.8184E+26   5.1895E+26   4.3490E+26   3.1126E+26   2.5146E+26   2.3578E+26   2.1600E+26   1.9012E+26   1.5190E+26   1.1250E+26   7.6784E+25   5.5022E+25   4.5258E+25   4.4061E+25   4.6295E+25   5.0270E+25   5.6498E+25   6.8204E+25   9.1452E+25   1.3184E+26   1.9626E+26   3.3328E+26   6.5766E+26   8.4077E+26  -7.5277E+25  -2.6922E+27  -6.3558E+27  -9.1765E+27  -6.5615E+27   1.1362E+28   8.7921E+28 
  1.6733E+24   1.5432E+25   2.1070E+25   8.9751E+25   1.6955E+26   1.9665E+26   1.9799E+26   2.4910E+26   2.8107E+26   3.0712E+26   3.9498E+26   5.2669E+26   6.5994E+26   7.1087E+26   5.9584E+26   4.2651E+26   3.4464E+26   3.2322E+26   2.9619E+26   2.6082E+26   2.0850E+26   1.5455E+26   1.0560E+26   7.5783E+25   6.2467E+25   6.0978E+25   6.4278E+25   6.9999E+25   7.8769E+25   9.4901E+25   1.2625E+26   1.7936E+26   2.6160E+26   4.3303E+26   8.2782E+26   9.9913E+26  -2.6237E+26  -3.6469E+27  -8.2182E+27  -1.1469E+28  -7.3293E+27   1.6960E+28   1.1719E+29 
  7.1242E+24   6.5693E+25   8.9751E+25   3.8274E+26   7.2388E+26   8.4054E+26   8.4712E+26   1.0668E+27   1.2043E+27   1.3157E+27   1.6916E+27   2.2554E+27   2.8263E+27   3.0451E+27   2.5530E+27   1.8281E+27   1.4777E+27   1.3864E+27   1.2710E+27   1.1200E+27   8.9621E+26   6.6518E+26   4.5534E+26   3.2762E+26   2.7101E+26   2.6573E+26   2.8161E+26   3.0813E+26   3.4745E+26   4.1728E+26   5.4806E+26   7.5970E+26   1.0688E+27   1.6861E+27   3.0206E+27   3.1829E+27  -2.2655E+27  -1.5314E+28  -3.1663E+28  -4.1158E+28  -1.9398E+28   8.2742E+28   4.7855E+29 
  1.3451E+25   1.2401E+26   1.6955E+26   7.2388E+26   1.3708E+27   1.5936E+27   1.6078E+27   2.0266E+27   2.2893E+27   2.5004E+27   3.2139E+27   4.2846E+27   5.3696E+27   5.7866E+27   4.8530E+27   3.4761E+27   2.8108E+27   2.6382E+27   2.4200E+27   2.1339E+27   1.7093E+27   1.2704E+27   8.7135E+26   6.2861E+26   5.2187E+26   5.1404E+26   5.4772E+26   6.0217E+26   6.8042E+26   8.1465E+26   1.0562E+27   1.4269E+27   1.9282E+27   2.8683E+27   4.6942E+27   3.8654E+27  -6.5710E+27  -2.8466E+28  -5.3071E+28  -6.2263E+28  -1.2869E+28   1.7742E+29   8.6257E+29 
  1.5594E+25   1.4374E+26   1.9665E+26   8.4054E+26   1.5936E+27   1.8546E+27   1.8730E+27   2.3629E+27   2.6707E+27   2.9164E+27   3.7475E+27   4.9955E+27   6.2610E+27   6.7486E+27   5.6614E+27   4.0563E+27   3.2810E+27   3.0807E+27   2.8273E+27   2.4947E+27   2.0001E+27   1.4885E+27   1.0227E+27   7.3960E+26   6.1602E+26   6.0925E+26   6.5229E+26   7.2013E+26   8.1516E+26   9.7329E+26   1.2475E+27   1.6458E+27   2.1377E+27   2.9832E+27   4.3482E+27   2.1581E+27  -1.0102E+28  -3.2515E+28  -5.4259E+28  -5.5457E+28   1.0803E+28   2.2863E+29   9.5562E+29 
  1.5694E+25   1.4464E+26   1.9799E+26   8.4712E+26   1.6078E+27   1.8730E+27   1.8931E+27   2.3902E+27   2.7028E+27   2.9510E+27   3.7911E+27   5.0531E+27   6.3337E+27   6.8283E+27   5.7297E+27   4.1063E+27   3.3224E+27   3.1207E+27   2.8652E+27   2.5296E+27   2.0297E+27   1.5123E+27   1.0407E+27   7.5422E+26   6.3001E+26   6.2531E+26   6.7229E+26   7.4490E+26   8.4456E+26   1.0062E+27   1.2773E+27   1.6503E+27   2.0660E+27   2.6992E+27   3.4031E+27   1.0567E+26  -1.2360E+28  -3.2227E+28  -4.7993E+28  -4.0675E+28   3.4108E+28   2.5082E+29   9.2179E+29 
  1.9738E+25   1.8188E+26   2.4910E+26   1.0668E+27   2.0266E+27   2.3629E+27   2.3902E+27   3.0200E+27   3.4164E+27   3.7296E+27   4.7903E+27   6.3844E+27   8.0029E+27   8.6294E+27   7.2426E+27   5.1919E+27   4.2018E+27   3.9478E+27   3.6261E+27   3.2030E+27   2.5720E+27   1.9184E+27   1.3220E+27   9.5989E+26   8.0388E+26   8.0040E+26   8.6371E+26   9.6008E+26   1.0902E+27   1.2967E+27   1.6328E+27   2.0720E+27   2.5077E+27   3.0641E+27   3.2110E+27  -2.1387E+27  -1.7932E+28  -3.9875E+28  -5.2825E+28  -3.4052E+28   6.9083E+28   3.3878E+29   1.1145E+30 
  2.2266E+25   2.0516E+26   2.8107E+26   1.2043E+27   2.2893E+27   2.6707E+27   2.7028E+27   3.4164E+27   3.8659E+27   4.2199E+27   5.4193E+27   7.2224E+27   9.0538E+27   9.7637E+27   8.1957E+27   5.8760E+27   4.7563E+27   4.4696E+27   4.1063E+27   3.6283E+27   2.9149E+27   2.1755E+27   1.5005E+27   1.0908E+27   9.1488E+26   9.1266E+26   9.8703E+26   1.0993E+27   1.2494E+27   1.4847E+27   1.8608E+27   2.3361E+27   2.7687E+27   3.2341E+27   2.9008E+27  -3.9427E+27  -2.1816E+28  -4.4465E+28  -5.4346E+28  -2.6604E+28   9.5964E+28   3.9825E+29   1.2268E+30 
  2.4331E+25   2.2419E+26   3.0712E+26   1.3157E+27   2.5004E+27   2.9164E+27   2.9510E+27   3.7296E+27   4.2199E+27   4.6064E+27   5.9161E+27   7.8845E+27   9.8837E+27   1.0658E+28   8.9462E+27   6.4138E+27   5.1913E+27   4.8781E+27   4.4812E+27   3.9592E+27   3.1802E+27   2.3731E+27   1.6363E+27   1.1891E+27   9.9689E+26   9.9395E+26   1.0744E+27   1.1963E+27   1.3602E+27   1.6187E+27   2.0359E+27   2.5732E+27   3.0885E+27   3.7078E+27   3.6760E+27  -3.2643E+27  -2.2659E+28  -4.8449E+28  -6.1702E+28  -3.4851E+28   9.5747E+28   4.2700E+29   1.3571E+30 
  3.1296E+25   2.8838E+26   3.9498E+26   1.6916E+27   3.2139E+27   3.7475E+27   3.7911E+27   4.7903E+27   5.4193E+27   5.9161E+27   7.5985E+27   1.0127E+28   1.2695E+28   1.3689E+28   1.1489E+28   8.2365E+27   6.6661E+27   6.2634E+27   5.7532E+27   5.0823E+27   4.0815E+27   3.0447E+27   2.0986E+27   1.5242E+27   1.2770E+27   1.2721E+27   1.3738E+27   1.5286E+27   1.7380E+27   2.0707E+27   2.6131E+27   3.3260E+27   4.0459E+27   4.9952E+27   5.4216E+27  -2.7341E+27  -2.7496E+28  -6.2257E+28  -8.3055E+28  -5.3801E+28   1.0911E+29   5.3665E+29   1.7707E+30 
  4.1734E+25   3.8456E+26   5.2669E+26   2.2554E+27   4.2846E+27   4.9955E+27   5.0531E+27   6.3844E+27   7.2224E+27   7.8845E+27   1.0127E+28   1.3497E+28   1.6920E+28   1.8245E+28   1.5313E+28   1.0977E+28   8.8839E+27   8.3470E+27   7.6668E+27   6.7724E+27   5.4384E+27   4.0565E+27   2.7957E+27   2.0301E+27   1.7004E+27   1.6935E+27   1.8282E+27   2.0338E+27   2.3126E+27   2.7570E+27   3.4848E+27   4.4500E+27   5.4462E+27   6.8097E+27   7.6804E+27  -2.6778E+27  -3.5490E+28  -8.2660E+28  -1.1249E+29  -7.6492E+28   1.3783E+29   7.0875E+29   2.3759E+30 
  5.2290E+25   4.8184E+26   6.5994E+26   2.8263E+27   5.3696E+27   6.2610E+27   6.3337E+27   8.0029E+27   9.0538E+27   9.8837E+27   1.2695E+28   1.6920E+28   2.1210E+28   2.2871E+28   1.9196E+28   1.3762E+28   1.1138E+28   1.0465E+28   9.6129E+27   8.4921E+27   6.8201E+27   5.0878E+27   3.5071E+27   2.5474E+27   2.1344E+27   2.1267E+27   2.2973E+27   2.5572E+27   2.9099E+27   3.4714E+27   4.3905E+27   5.6091E+27   6.8692E+27   8.6009E+27   9.7588E+27  -3.0808E+27  -4.3900E+28  -1.0244E+29  -1.3897E+29  -9.2827E+28   1.7656E+29   8.9135E+29   2.9731E+30 
  5.6320E+25   5.1895E+26   7.1087E+26   3.0451E+27   5.7866E+27   6.7486E+27   6.8283E+27   8.6294E+27   9.7637E+27   1.0658E+28   1.3689E+28   1.8245E+28   2.2871E+28   2.4664E+28   2.0703E+28   1.4843E+28   1.2014E+28   1.1289E+28   1.0371E+28   9.1630E+27   7.3604E+27   5.4926E+27   3.7877E+27   2.7527E+27   2.3082E+27   2.3020E+27   2.4894E+27   2.7743E+27   3.1601E+27   3.7722E+27   4.7692E+27   6.0821E+27   7.4209E+27   9.2234E+27   1.0270E+28  -3.8552E+27  -4.7520E+28  -1.0874E+29  -1.4441E+29  -8.9805E+28   2.0485E+29   9.7299E+29   3.1806E+30 
  4.7201E+25   4.3490E+26   5.9584E+26   2.5530E+27   4.8530E+27   5.6614E+27   5.7297E+27   7.2426E+27   8.1957E+27   8.9462E+27   1.1489E+28   1.5313E+28   1.9196E+28   2.0703E+28   1.7379E+28   1.2461E+28   1.0087E+28   9.4792E+27   8.7093E+27   7.6963E+27   6.1839E+27   4.6162E+27   3.1849E+27   2.3161E+27   1.9438E+27   1.9407E+27   2.1015E+27   2.3450E+27   2.6735E+27   3.1922E+27   4.0311E+27   5.1231E+27   6.2079E+27   7.6083E+27   8.1400E+27  -4.2403E+27  -4.0674E+28  -8.9904E+28  -1.1541E+29  -6.3665E+28   1.8886E+29   8.3066E+29   2.6385E+30 
  3.3783E+25   3.1126E+26   4.2651E+26   1.8281E+27   3.4761E+27   4.0563E+27   4.1063E+27   5.1919E+27   5.8760E+27   6.4138E+27   8.2365E+27   1.0977E+28   1.3762E+28   1.4843E+28   1.2461E+28   8.9349E+27   7.2334E+27   6.7985E+27   6.2472E+27   5.5217E+27   4.4378E+27   3.3140E+27   2.2876E+27   1.6648E+27   1.3984E+27   1.3978E+27   1.5157E+27   1.6936E+27   1.9327E+27   2.3081E+27   2.9104E+27   3.6841E+27   4.4290E+27   5.3388E+27   5.4308E+27  -3.8872E+27  -2.9864E+28  -6.3467E+28  -7.8240E+28  -3.6436E+28   1.4876E+29   6.0657E+29   1.8667E+30 
  2.7294E+25   2.5146E+26   3.4464E+26   1.4777E+27   2.8108E+27   3.2810E+27   3.3224E+27   4.2018E+27   4.7563E+27   5.1913E+27   6.6661E+27   8.8839E+27   1.1138E+28   1.2014E+28   1.0087E+28   7.2334E+27   5.8565E+27   5.5050E+27   5.0594E+27   4.4728E+27   3.5958E+27   2.6864E+27   1.8554E+27   1.3512E+27   1.1362E+27   1.1371E+27   1.2349E+27   1.3817E+27   1.5784E+27   1.8852E+27   2.3734E+27   2.9912E+27   3.5642E+27   4.2153E+27   4.0278E+27  -3.9164E+27  -2.4823E+28  -5.0518E+28  -5.9342E+28  -2.1307E+28   1.3230E+29   5.0081E+29   1.4887E+30 
  2.5594E+25   2.3578E+26   3.2322E+26   1.3864E+27   2.6382E+27   3.0807E+27   3.1207E+27   3.9478E+27   4.4696E+27   4.8781E+27   6.2634E+27   8.3470E+27   1.0465E+28   1.1289E+28   9.4792E+27   6.7985E+27   5.5050E+27   5.1754E+27   4.7573E+27   4.2067E+27   3.3831E+27   2.5286E+27   1.7475E+27   1.2738E+27   1.0723E+27   1.0747E+27   1.1690E+27   1.3101E+27   1.4982E+27   1.7897E+27   2.2489E+27   2.8197E+27   3.3249E+27   3.8421E+27   3.3756E+27  -4.5361E+27  -2.4061E+28  -4.6574E+28  -5.1452E+28  -1.1132E+28   1.3726E+29   4.8132E+29   1.3747E+30 
  2.3448E+25   2.1600E+26   2.9619E+26   1.2710E+27   2.4200E+27   2.8273E+27   2.8652E+27   3.6261E+27   4.1063E+27   4.4812E+27   5.7532E+27   7.6668E+27   9.6129E+27   1.0371E+28   8.7093E+27   6.2472E+27   5.0594E+27   4.7573E+27   4.3739E+27   3.8689E+27   3.1127E+27   2.3280E+27   1.6102E+27   1.1749E+27   9.9053E+26   9.9453E+26   1.0841E+27   1.2173E+27   1.3941E+27   1.6657E+27   2.0885E+27   2.6023E+27   3.0288E+27   3.3967E+27   2.6385E+27  -5.1353E+27  -2.2919E+28  -4.1700E+28  -4.2221E+28   1.2318E+26   1.4114E+29   4.5460E+29   1.2348E+30 
  2.0642E+25   1.9012E+26   2.6082E+26   1.1200E+27   2.1339E+27   2.4947E+27   2.5296E+27   3.2030E+27   3.6283E+27   3.9592E+27   5.0823E+27   6.7724E+27   8.4921E+27   9.1630E+27   7.6963E+27   5.5217E+27   4.4728E+27   4.2067E+27   3.8689E+27   3.4235E+27   2.7560E+27   2.0629E+27   1.4284E+27   1.0438E+27   8.8169E+26   8.8738E+26   9.7008E+26   1.0922E+27   1.2532E+27   1.4982E+27   1.8734E+27   2.3164E+27   2.6516E+27   2.8565E+27   1.8169E+27  -5.6156E+27  -2.1124E+28  -3.5491E+28  -3.1339E+28   1.2234E+28   1.4225E+29   4.1615E+29   1.0584E+30 
  1.6495E+25   1.5190E+26   2.0850E+26   8.9621E+26   1.7093E+27   2.0001E+27   2.0297E+27   2.5720E+27   2.9149E+27   3.1802E+27   4.0815E+27   5.4384E+27   6.8201E+27   7.3604E+27   6.1839E+27   4.4378E+27   3.5958E+27   3.3831E+27   3.1127E+27   2.7560E+27   2.2205E+27   1.6639E+27   1.1539E+27   8.4498E+26   7.1573E+26   7.2278E+26   7.9328E+26   8.9651E+26   1.0316E+27   1.2343E+27   1.5384E+27   1.8829E+27   2.1073E+27   2.1411E+27   9.0222E+26  -5.6824E+27  -1.7892E+28  -2.6917E+28  -1.8398E+28   2.3518E+28   1.3403E+29   3.5057E+29   8.1350E+29 
  1.2219E+25   1.1250E+26   1.5455E+26   6.6518E+26   1.2704E+27   1.4885E+27   1.5123E+27   1.9184E+27   2.1755E+27   2.3731E+27   3.0447E+27   4.0565E+27   5.0878E+27   5.4926E+27   4.6162E+27   3.3140E+27   2.6864E+27   2.5286E+27   2.3280E+27   2.0629E+27   1.6639E+27   1.2489E+27   8.6792E+26   6.3735E+26   5.4189E+26   5.4975E+26   6.0661E+26   6.8903E+26   7.9582E+26   9.5342E+26   1.1835E+27   1.4294E+27   1.5514E+27   1.4432E+27   1.0618E+26  -5.4355E+27  -1.4286E+28  -1.8421E+28  -6.7074E+27   3.1712E+28   1.2044E+29   2.7842E+29   5.6917E+29 
  8.3424E+24   7.6784E+25   1.0560E+26   4.5534E+26   8.7135E+26   1.0227E+27   1.0407E+27   1.3220E+27   1.5005E+27   1.6363E+27   2.0986E+27   2.7957E+27   3.5071E+27   3.7877E+27   3.1849E+27   2.2876E+27   1.8554E+27   1.7475E+27   1.6102E+27   1.4284E+27   1.1539E+27   8.6792E+26   6.0490E+26   4.4589E+26   3.8099E+26   3.8884E+26   4.3206E+26   4.9398E+26   5.7334E+26   6.8812E+26   8.5003E+26   1.0099E+27   1.0526E+27   8.5600E+26  -4.4433E+26  -4.8423E+27  -1.0698E+28  -1.1134E+28   1.9166E+27   3.5037E+28   1.0203E+29   2.0761E+29   3.5730E+29 
  5.9806E+24   5.5022E+25   7.5783E+25   3.2762E+26   6.2861E+26   7.3960E+26   7.5422E+26   9.5989E+26   1.0908E+27   1.1891E+27   1.5242E+27   2.0301E+27   2.5474E+27   2.7527E+27   2.3161E+27   1.6648E+27   1.3512E+27   1.2738E+27   1.1749E+27   1.0438E+27   8.4498E+26   6.3735E+26   4.4589E+26   3.3031E+26   2.8407E+26   2.9218E+26   3.2755E+26   3.7762E+26   4.4108E+26   5.3086E+26   6.5253E+26   7.6084E+26   7.5473E+26   5.0051E+26  -7.9137E+26  -4.5142E+27  -8.5090E+27  -6.5019E+27   7.7423E+27   3.8139E+28   9.2355E+28   1.6582E+29   2.2602E+29 
  4.9223E+24   4.5258E+25   6.2467E+25   2.7101E+26   5.2187E+26   6.1602E+26   6.3001E+26   8.0388E+26   9.1488E+26   9.9689E+26   1.2770E+27   1.7004E+27   2.1344E+27   2.3082E+27   1.9438E+27   1.3984E+27   1.1362E+27   1.0723E+27   9.9053E+26   8.8169E+26   7.1573E+26   5.4189E+26   3.8099E+26   2.8407E+26   2.4635E+26   2.5591E+26   2.9011E+26   3.3799E+26   3.9808E+26   4.8123E+26   5.8930E+26   6.7442E+26   6.3364E+26   3.1003E+26  -1.1204E+27  -4.7651E+27  -7.7865E+27  -3.5595E+27   1.3545E+28   4.5864E+28   9.7252E+28   1.5523E+29   1.5310E+29 
  4.7958E+24   4.4061E+25   6.0978E+25   2.6573E+26   5.1404E+26   6.0925E+26   6.2531E+26   8.0040E+26   9.1266E+26   9.9395E+26   1.2721E+27   1.6935E+27   2.1267E+27   2.3020E+27   1.9407E+27   1.3978E+27   1.1371E+27   1.0747E+27   9.9453E+26   8.8738E+26   7.2278E+26   5.4975E+26   3.8884E+26   2.9218E+26   2.5591E+26   2.6895E+26   3.0889E+26   3.6440E+26   4.3382E+26   5.2853E+26   6.4826E+26   7.3555E+26   6.6977E+26   2.5679E+26  -1.4631E+27  -5.5228E+27  -8.0182E+27  -8.9164E+26   2.1902E+28   6.1631E+28   1.1927E+29   1.7280E+29   1.1250E+29 
  5.0435E+24   4.6295E+25   6.4278E+25   2.8161E+26   5.4772E+26   6.5229E+26   6.7229E+26   8.6371E+26   9.8703E+26   1.0744E+27   1.3738E+27   1.8282E+27   2.2973E+27   2.4894E+27   2.1015E+27   1.5157E+27   1.2349E+27   1.1690E+27   1.0841E+27   9.7008E+26   7.9328E+26   6.0661E+26   4.3206E+26   3.2755E+26   2.9011E+26   3.0889E+26   3.5992E+26   4.3072E+26   5.1971E+26   6.4090E+26   7.9378E+26   9.0842E+26   8.3988E+26   3.6313E+26  -1.6203E+27  -6.1385E+27  -7.9522E+27   3.0672E+27   3.3882E+28   8.4707E+28   1.5347E+29   2.0624E+29   7.9093E+28 
  5.4811E+24   5.0270E+25   6.9999E+25   3.0813E+26   6.0217E+26   7.2013E+26   7.4490E+26   9.6008E+26   1.0993E+27   1.1963E+27   1.5286E+27   2.0338E+27   2.5572E+27   2.7743E+27   2.3450E+27   1.6936E+27   1.3817E+27   1.3101E+27   1.2173E+27   1.0922E+27   8.9651E+26   6.8903E+26   4.9398E+26   3.7762E+26   3.3799E+26   3.6440E+26   4.3072E+26   5.2380E+26   6.4378E+26   8.1157E+26   1.0355E+27   1.2463E+27   1.2979E+27   1.0422E+27  -3.9394E+26  -4.0844E+27  -4.4369E+27   9.7189E+27   4.6142E+28   1.0460E+29   1.8160E+29   2.3643E+29   7.6575E+28 
